%YAML:1.0
---
image_width: 4000
image_height: 3000
flags: 11
camera_matrix: !!opencv-matrix
   rows: 3
   cols: 3
   dt: d
   data: [ 2.0145642176407162e+03, 0., 2.0019275213197811e+03, 0.,
       1.9983150886916735e+03, 1.4870464956279716e+03, 0., 0., 1. ]
distortion_coefficients: !!opencv-matrix
   rows: 1
   cols: 5
   dt: d
   data: [ -4.8183421510615158e-05, -4.8708531626951948e-02,
       -1.7106196742413099e-03, 1.0254422205820178e-03,
       4.3487064229200414e-02 ]
avg_reprojection_error: 2.5092699852621165e+00
