%YAML:1.0
---
image_width: 4000
image_height: 3000
flags: 3
camera_matrix: !!opencv-matrix
   rows: 3
   cols: 3
   dt: d
   data: [ 2.0484215455431367e+03, 0., 2.0207809634698117e+03, 0.,
       2.0316517172851136e+03, 1.4884031999567221e+03, 0., 0., 1. ]
distortion_coefficients: !!opencv-matrix
   rows: 1
   cols: 5
   dt: d
   data: [ -1.3127820338665596e-02, -9.2263594709096931e-03,
       -1.6810757590504251e-03, 2.1558937414194075e-03,
       5.1228630146604500e-03 ]
avg_reprojection_error: 5.3894706592769903e-01
