%YAML:1.0
---
image_width: 4000
image_height: 3000
flags: 11
camera_matrix: !!opencv-matrix
   rows: 3
   cols: 3
   dt: d
   data: [ 2.0302590619331290e+03, 0., 2.0213336383718270e+03, 0.,
       2.0133598669529483e+03, 1.4795889531406033e+03, 0., 0., 1. ]
distortion_coefficients: !!opencv-matrix
   rows: 1
   cols: 5
   dt: d
   data: [ -4.0022557268347509e-03, -4.1954666306007964e-02,
       -2.2890594097623464e-03, 3.8391170264126025e-03,
       4.1910964062951667e-02 ]
avg_reprojection_error: 2.5050693947050315e+00
