%YAML:1.0
---
rvec: [ -3.1385462474219796e+00, -2.3529045540246322e-02,
    -1.3690863573900380e-02 ]
tvec: [ 1.3369596967833701e+01, 7.7642501834144895e+00,
    2.0215800543304258e+02 ]
cameraPosition: !!opencv-matrix
   rows: 3
   cols: 1
   dt: d
   data: [ -1.5251886810159204e+01, 8.1414761366116597e+00,
       2.0200986406536219e+02 ]
repError: [ 2.44690466e+00 ]
