%YAML:1.0
---
rvec: [ -1.1982536156591130e+00, 1.1970278189239048e+00,
    -1.2085209665647028e+00 ]
tvec: [ 1.3042513115484509e+01, 4.7501887327007433e+00,
    2.0384820640148158e+02 ]
repError: [ 2.14254403e+00 ]
