%YAML:1.0
---
rvec: [ -2.1955458438016628e+00, -2.6195431498565579e-02,
    2.2347923211525651e+00 ]
tvec: [ 1.9750183978312613e+01, 3.9610741521865047e+00,
    2.0237890408894719e+02 ]
cameraPosition: !!opencv-matrix
   rows: 3
   cols: 1
   dt: d
   data: [ 2.0259465164316438e+02, 7.4897224806217988e+00,
       1.6195427706848193e+01 ]
repError: [ 2.39188600e+00 ]
