%YAML:1.0
---
rvec: [ 1.3051452975087082e-02, -2.7856449712118647e-03,
    -3.1378985899448741e+00 ]
tvec: [ 1.5801871052245826e+01, 7.2477325560213526e+00,
    2.0436486652265518e+02 ]
cameraPosition: !!opencv-matrix
   rows: 3
   cols: 1
   dt: d
   data: [ -1.7527166247036369e+01, -6.8239104062248019e+00,
       2.0423873314064261e+02 ]
rotationMatrix: !!opencv-matrix
   rows: 3
   cols: 3
   dt: d
   data: [ -9.9995868261956533e-01, 3.6582588997137186e-03,
       -8.3216702389647609e-03, 3.6730281175787888e-03,
       9.9999170524614756e-01, -1.7601998038211468e-03,
       8.3151619461608837e-03, -1.7906928057491475e-03,
       -9.9996382509623016e-01 ]
repError: [ 5.05062056e+00 ]
