%YAML:1.0
---
rvec: [ 1.0274761149454118e-02, -2.5581900549097561e-03,
    -3.1384465704308910e+00 ]
tvec: [ 1.6290842042040673e+01, 6.8826233088107927e+00,
    2.0430711056002701e+02 ]
cameraPosition: !!opencv-matrix
   rows: 3
   cols: 1
   dt: d
   data: [ 1.7649176803799961e+01, 6.4965517405830875e+00,
       -2.0420690203092286e+02 ]
repError: [ 5.12709999e+00 ]
