%YAML:1.0
---
rvec: [ -3.1381531170192716e+00, -2.3558119493283514e-02,
    -1.3538196812708587e-02 ]
tvec: [ 1.3357760289982311e+01, 7.8443658138890413e+00,
    2.0231295658282374e+02 ]
cameraPosition: !!opencv-matrix
   rows: 3
   cols: 1
   dt: d
   data: [ 1.5223903307290891e+01, -8.3016453230009155e+00,
       -2.0216283458957440e+02 ]
rotationMatrix: !!opencv-matrix
   rows: 3
   cols: 3
   dt: d
   data: [ 9.9985007920071056e-01, 1.5027166078277407e-02,
       8.6025230012997302e-03, -1.4998505324470016e-02,
       9.9988178108168202e-01, -3.3865467596211440e-03,
       -8.6523962209243913e-03, 3.2570140587852418e-03,
       9.9995726303630450e-01 ]
repError: [ 2.43600726e+00 ]
