%YAML:1.0
---
rvec: [ -2.1935032996905162e+00, -2.5670104072827431e-02,
    2.2364282089635519e+00 ]
tvec: [ 1.9763214607046230e+01, 4.2208552243893793e+00,
    2.0286128941937687e+02 ]
cameraPosition: !!opencv-matrix
   rows: 3
   cols: 1
   dt: d
   data: [ 2.0309935232331722e+02, 7.7573727841994140e+00,
       1.5861250538896055e+01 ]
repError: [ 3.34354401e+00 ]
