%YAML:1.0
---
rvec: [ -1.1999705227503779e+00, 1.1994208673015228e+00,
    -1.2082776459613318e+00 ]
tvec: [ 1.2871088740138914e+01, 4.7543751391481761e+00,
    2.0406502916486593e+02 ]
cameraPosition: !!opencv-matrix
   rows: 3
   cols: 1
   dt: d
   data: [ 5.5154231263590718e+00, 2.0388445109781512e+02,
       -1.5215644733553630e+01 ]
repError: [ 1.83856297e+00 ]
