%YAML:1.0
---
rvec: [ 1.3028549331041280e-02, -2.7063118703289455e-03,
    -3.1378442151477581e+00 ]
tvec: [ 1.5816505464312270e+01, 7.2241059183981902e+00,
    2.0439478424367550e+02 ]
cameraPosition: !!opencv-matrix
   rows: 3
   cols: 1
   dt: d
   data: [ 1.7539408167179360e+01, 6.8095978261307426e+00,
       -2.0426839186725144e+02 ]
repError: [ 5.23266602e+00 ]
