%YAML:1.0
---
rvec: [ -3.1373460507300255e+00, -2.1888613331603541e-02,
    -1.4358293017374202e-02 ]
tvec: [ 1.3182449593233354e+01, 7.7550567539111510e+00,
    2.0206477881420687e+02 ]
cameraPosition: !!opencv-matrix
   rows: 3
   cols: 1
   dt: d
   data: [ -1.5143894454125865e+01, 8.3931440566808142e+00,
       2.0190173430006729e+02 ]
repError: [ 2.44423842e+00 ]
