%YAML:1.0
---
rvec: [ -2.1949838102370984e+00, -2.4120706497188778e-02,
    2.2364740919534345e+00 ]
tvec: [ 1.9882447471422445e+01, 4.2121818991007487e+00,
    2.0246468143051601e+02 ]
cameraPosition: !!opencv-matrix
   rows: 3
   cols: 1
   dt: d
   data: [ -2.0270595325061177e+02, -7.4458869642737717e+00,
       -1.6120071483755030e+01 ]
rotationMatrix: !!opencv-matrix
   rows: 3
   cols: 3
   dt: d
   data: [ -1.8766147173516212e-02, 5.1811980995345461e-03,
       -9.9981047549348845e-01, -1.6383708892272295e-02,
       9.9985071175471729e-01, 5.4889239854918667e-03,
       9.9968965474450888e-01, 1.6483609733265639e-02,
       -1.8678458366958361e-02 ]
repError: [ 2.19997358e+00 ]
