%YAML:1.0
---
rvec: [ -1.2068252343295032e+00, 1.2026942626423687e+00,
    -1.2084046141369311e+00 ]
tvec: [ 1.2306685050865868e+01, 5.1093836540854998e+00,
    2.0617076767958847e+02 ]
cameraPosition: !!opencv-matrix
   rows: 3
   cols: 1
   dt: d
   data: [ -5.1635449780498615e+00, -2.0610085532672582e+02,
       1.3406005397148833e+01 ]
rotationMatrix: !!opencv-matrix
   rows: 3
   cols: 3
   dt: d
   data: [ 3.9288911874253429e-03, 5.2340696710364565e-03,
       9.9997858393503425e-01, 9.9999215816401921e-01,
       -5.1797910904688438e-04, -3.9262333234280078e-03,
       4.9741783721291011e-04, 9.9998616801049889e-01,
       -5.2360637098775031e-03 ]
repError: [ 1.03671017e+01 ]
