%YAML:1.0
---
frames:
   -
      frame: 0
      rvec: [ 1.0968075164487936e+00, -1.2713486578958066e+00,
          1.0988685651248926e+00 ]
      tvec: [ 1.3301646432962244e+01, -4.8907742766756857e-01,
          -7.7469694211781794e+00 ]
      matrix: !!opencv-matrix
         rows: 4
         cols: 4
         dt: d
         data: [ 2.6545888666745787e-03, -9.8888904362117902e-01,
             -1.4863180199385057e-01, 1.3301646432962244e+01,
             3.9016722588458563e-03, 1.4864143668637059e-01,
             -9.8888346141160466e-01, -4.8907742766756857e-01,
             9.9998886499377271e-01, 2.0451664484800736e-03,
             4.2529028515276290e-03, -7.7469694211781794e+00, 0., 0., 0.,
             1. ]
   -
      frame: 1
      rvec: [ 1.3016302076175210e+00, -1.5181058468584829e+00,
          9.6459566201248148e-01 ]
      tvec: [ 1.3991308661790944e+01, 4.4633252570908727e-01,
          -8.6447881644784843e+00 ]
      matrix: !!opencv-matrix
         rows: 4
         cols: 4
         dt: d
         data: [ -5.3167532802199435e-02, -9.8930296276381746e-01,
             -1.3584130933725513e-01, 1.3991308661790944e+01,
             -2.9725910230644703e-01, 1.4554651158358167e-01,
             -9.4363829885280492e-01, 4.4633252570908727e-01,
             9.5331539353547223e-01, -9.7908545379434275e-03,
             -3.0181765954914652e-01, -8.6447881644784843e+00, 0., 0.,
             0., 1. ]
   -
      frame: 2
      rvec: [ 1.5547565364389411e+00, -1.7144858177385649e+00,
          7.9396357977004295e-01 ]
      tvec: [ 1.4029103004578312e+01, 1.1788397844523180e+00,
          -9.1705763088265879e+00 ]
      matrix: !!opencv-matrix
         rows: 4
         cols: 4
         dt: d
         data: [ -5.4310747091018463e-02, -9.9498481821066287e-01,
             -8.3997346867089540e-02, 1.4029103004578312e+01,
             -5.7952796919624161e-01, 9.9913110684386575e-02,
             -8.0880449011652389e-01, 1.1788397844523180e+00,
             8.1314062478128357e-01, 4.7520357389577161e-03,
             -5.8204788676417329e-01, -9.1705763088265879e+00, 0., 0.,
             0., 1. ]
   -
      frame: 3
      rvec: [ 1.7489180068164094e+00, -1.9145701880981345e+00,
          5.3548869258047438e-01 ]
      tvec: [ 1.4189867841921274e+01, 3.2032265690537649e+00,
          -1.0014638114355197e+01 ]
      matrix: !!opencv-matrix
         rows: 4
         cols: 4
         dt: d
         data: [ -6.0125699596855542e-02, -9.9398952994832035e-01,
             -9.1486144312161566e-02, 1.4189867841921274e+01,
             -8.0229535208997826e-01, 1.0265257210891954e-01,
             -5.8803453763723823e-01, 3.2032265690537649e+00,
             5.9389146168538764e-01, 3.8042920399727842e-02,
             -8.0364523761710538e-01, -1.0014638114355197e+01, 0., 0.,
             0., 1. ]
   -
      frame: 4
      rvec: [ 1.9164805165803747e+00, -2.1006945949322047e+00,
          2.1955843447803153e-01 ]
      tvec: [ 1.4122875241856802e+01, 6.6289744542097901e+00,
          -9.0900605893052546e+00 ]
      matrix: !!opencv-matrix
         rows: 4
         cols: 4
         dt: d
         data: [ -7.4070663601606856e-02, -9.9127690164636673e-01,
             -1.0901211426257658e-01, 1.4122875241856802e+01,
             -9.4731284945969274e-01, 1.0409834818604791e-01,
             -3.0292226585956672e-01, 6.6289744542097901e+00,
             3.1162782616797119e-01, 8.0830923335786536e-02,
             -9.4675998003216677e-01, -9.0900605893052546e+00, 0., 0.,
             0., 1. ]
   -
      frame: 5
      rvec: [ 2.0872482262678917e+00, -2.2699055047576042e+00,
          -8.9841524237781398e-02 ]
      tvec: [ 1.4356890697391535e+01, 9.0739306230915719e+00,
          -8.1397911587735550e+00 ]
      matrix: !!opencv-matrix
         rows: 4
         cols: 4
         dt: d
         data: [ -8.3604038566433836e-02, -9.9320133852043679e-01,
             -8.1002875853857376e-02, 1.4356890697391535e+01,
             -9.9649650983137739e-01, 8.3510841517777212e-02,
             4.5437036519485122e-03, 9.0739306230915719e+00,
             2.2518057789601628e-03, 8.1098955050025151e-02,
             -9.9670351101043475e-01, -8.1397911587735550e+00, 0., 0.,
             0., 1. ]
   -
      frame: 6
      rvec: [ -2.0029866722017666e+00, 2.1556106187531006e+00,
          4.1237268393103471e-01 ]
      tvec: [ 1.4380950276637542e+01, 1.0730516365870745e+01,
          -6.3096568010909664e+00 ]
      matrix: !!opencv-matrix
         rows: 4
         cols: 4
         dt: d
         data: [ -8.3261253999582951e-02, -9.9454589947252803e-01,
             -6.2817333792497321e-02, 1.4380950276637542e+01,
             -9.4750776514062562e-01, 5.9480951504260360e-02,
             3.1415131928159368e-01, 1.0730516365870745e+01,
             -3.0870147162045536e-01, 8.5676544342830757e-02,
             -9.4729242115032053e-01, -6.3096568010909664e+00, 0., 0.,
             0., 1. ]
   -
      frame: 7
      rvec: [ -1.8122407151983579e+00, 1.9531331230548372e+00,
          6.5145966953777290e-01 ]
      tvec: [ 1.4441215476117911e+01, 1.1555765760718845e+01,
          -4.4942123545401929e+00 ]
      matrix: !!opencv-matrix
         rows: 4
         cols: 4
         dt: d
         data: [ -8.2727550681806372e-02, -9.9625645582762523e-01,
             -2.5084389168716359e-02, 1.4441215476117911e+01,
             -8.1183465233152741e-01, 5.2772132022738782e-02,
             5.8149772085152862e-01, 1.1555765760718845e+01,
             -5.7799710175046448e-01, 6.8470258532833228e-02,
             -8.1316122267635838e-01, -4.4942123545401929e+00, 0., 0.,
             0., 1. ]
   -
      frame: 8
      rvec: [ -1.6182025047684314e+00, 1.7516529582010942e+00,
          8.6008331176849784e-01 ]
      tvec: [ 1.4682796197392644e+01, 1.2016369976495936e+01,
          -3.3733920817133387e+00 ]
      matrix: !!opencv-matrix
         rows: 4
         cols: 4
         dt: d
         data: [ -7.9395841638039366e-02, -9.9684295614143048e-01,
             -6.4893898138396189e-04, 1.4682796197392644e+01,
             -6.1006556094287911e-01, 4.8075204106325153e-02,
             7.9089113416549661e-01, 1.2016369976495936e+01,
             -7.8836305829359976e-01, 6.3189362564828877e-02,
             -6.1195652850232174e-01, -3.3733920817133387e+00, 0., 0.,
             0., 1. ]
   -
      frame: 9
      rvec: [ -1.4302851582355303e+00, 1.5142409445662068e+00,
          1.0729933790942068e+00 ]
      tvec: [ 1.4903336206432657e+01, 1.1975667165784465e+01,
          -7.8632721691784024e-01 ]
      matrix: !!opencv-matrix
         rows: 4
         cols: 4
         dt: d
         data: [ -6.5127347311165762e-02, -9.9780881665279586e-01,
             -1.1661648346502684e-02, 1.4903336206432657e+01,
             -3.4173118763161825e-01, 1.1322059027056186e-02,
             9.3972953895217703e-01, 1.1975667165784465e+01,
             -9.3753838536461753e-01, 6.5187241001092633e-02,
             -3.4171976761459238e-01, -7.8632721691784024e-01, 0., 0.,
             0., 1. ]
   -
      frame: 10
      rvec: [ -1.2399076746319775e+00, 1.2416822411886934e+00,
          1.2081725246004449e+00 ]
      tvec: [ 1.4670909977624678e+01, 1.0931891092715276e+01,
          1.8751901926493684e+00 ]
      matrix: !!opencv-matrix
         rows: 4
         cols: 4
         dt: d
         data: [ -1.2356854168012021e-02, -9.9985914902904238e-01,
             -1.1357387815403353e-02, 1.4670909977624678e+01,
             -3.8700661402456205e-02, -1.0871520561987480e-02,
             9.9919170775566524e-01, 1.0931891092715276e+01,
             -9.9917444270862066e-01, 1.2786404638883808e-02,
             -3.8560872582552086e-02, 1.8751901926493684e+00, 0., 0., 0.,
             1. ]
   -
      frame: 11
      rvec: [ 9.0569543151094267e-01, -1.0928067317478412e+00,
          1.2477956042373399e+00 ]
      tvec: [ 1.3793789545401710e+01, -2.0316330275381205e+00,
          -1.0924485347734660e+00 ]
      matrix: !!opencv-matrix
         rows: 4
         cols: 4
         dt: d
         data: [ -1.1946320834863633e-02, -9.9099126423072859e-01,
             -1.3339265210982537e-01, 1.3793789545401710e+01,
             2.6289697709509396e-01, 1.2559612043587437e-01,
             -9.5661423466605344e-01, -2.0316330275381205e+00,
             9.6474994939246939e-01, -4.6496545568888936e-02,
             2.5902819614356309e-01, -1.0924485347734660e+00, 0., 0., 0.,
             1. ]
   -
      frame: 12
      rvec: [ 6.7756362691374794e-01, -8.6482020299054585e-01,
          1.3677818238814536e+00 ]
      tvec: [ 1.3781376853991649e+01, -2.0658575651319033e+00,
          -1.1914679329972562e+00 ]
      matrix: !!opencv-matrix
         rows: 4
         cols: 4
         dt: d
         data: [ -6.1596038149542565e-03, -9.9167840076951497e-01,
             -1.2859241318234965e-01, 1.3781376853991649e+01,
             5.4140092925570560e-01, 1.0480995363840026e-01,
             -8.3420615402871179e-01, -2.0658575651319033e+00,
             8.4074198960317270e-01, -7.4758431400971437e-02,
             5.3625001990915133e-01, -1.1914679329972562e+00, 0., 0., 0.,
             1. ]
   -
      frame: 13
      rvec: [ 4.4501162193610072e-01, -6.4029620018169031e-01,
          1.4473776978137365e+00 ]
      tvec: [ 1.3723459394778398e+01, -2.3036000458759451e+00,
          -3.3973101431875247e-01 ]
      matrix: !!opencv-matrix
         rows: 4
         cols: 4
         dt: d
         data: [ 5.4367958354107349e-03, -9.9114440905812473e-01,
             -1.3267705771483279e-01, 1.3723459394778398e+01,
             7.6487414228581119e-01, 8.9589116450430106e-02,
             -6.3791953777586741e-01, -2.3036000458759451e+00,
             6.4415680366940853e-01, -9.8013012434330915e-02,
             7.5858780749492627e-01, -3.3973101431875247e-01, 0., 0., 0.,
             1. ]
   -
      frame: 14
      rvec: [ 2.1839163583391452e-01, -3.7772911121628489e-01,
          1.5199649794818586e+00 ]
      tvec: [ 1.3416271867998280e+01, -3.0048571730928630e+00,
          2.3297482077707343e+00 ]
      matrix: !!opencv-matrix
         rows: 4
         cols: 4
         dt: d
         data: [ 8.7207058881170318e-03, -9.9446486073412843e-01,
             -1.0470716333596036e-01, 1.3416271867998280e+01,
             9.2779189828445752e-01, 4.7105168724916768e-02,
             -3.7011254579805852e-01, -3.0048571730928630e+00,
             3.7299616990866785e-01, -9.3918815178044346e-02,
             9.2306723123996604e-01, 2.3297482077707343e+00, 0., 0., 0.,
             1. ]
   -
      frame: 15
      rvec: [ 1.7589086413563485e-04, -1.2266778921738081e-01,
          1.5609917605599981e+00 ]
      tvec: [ 1.3395547847420316e+01, -2.5634583016591499e+00,
          4.1488457648379011e+00 ]
      matrix: !!opencv-matrix
         rows: 4
         cols: 4
         dt: d
         data: [ 4.9921501491483385e-03, -9.9692289214658725e-01,
             -7.8229313885346166e-02, 1.3395547847420316e+01,
             9.9690537935258738e-01, 1.1098923564307545e-02,
             -7.7823380250328353e-02, -2.5634583016591499e+00,
             7.8452170491082648e-02, -7.7598717836039735e-02,
             9.9389320147359905e-01, 4.1488457648379011e+00, 0., 0., 0.,
             1. ]
   -
      frame: 16
      rvec: [ -2.3145442219118140e-01, 1.3325168343098409e-01,
          1.5618541768415715e+00 ]
      tvec: [ 1.3359296258077670e+01, -9.9027213760232935e-01,
          5.8644425520137267e+00 ]
      matrix: !!opencv-matrix
         rows: 4
         cols: 4
         dt: d
         data: [ 7.9028690064762291e-03, -9.9805288374907042e-01,
             -6.1870719259039364e-02, 1.3359296258077670e+01,
             9.7314758917978328e-01, -6.5578582092728462e-03,
             2.3008860069391221e-01, -9.9027213760232935e-01,
             -2.3004633084455395e-01, -6.2027701358920800e-02,
             9.7120093179994726e-01, 5.8644425520137267e+00, 0., 0., 0.,
             1. ]
   -
      frame: 17
      rvec: [ -4.5469571499019251e-01, 3.6133899909915662e-01,
          1.5448513558472143e+00 ]
      tvec: [ 1.3283145213849783e+01, 5.5244166934158456e-02,
          6.3105227078701303e+00 ]
      matrix: !!opencv-matrix
         rows: 4
         cols: 4
         dt: d
         data: [ 2.4015399494328737e-03, -9.9818656980840881e-01,
             -6.0148187503812151e-02, 1.3283145213849783e+01,
             8.6795521895180350e-01, -2.7791305970242007e-02,
             4.9586427700207975e-01, 5.5244166934158456e-02,
             -4.9663665843370663e-01, -5.3396771125142573e-02,
             8.6631450082127259e-01, 6.3105227078701303e+00, 0., 0., 0.,
             1. ]
   -
      frame: 18
      rvec: [ -6.6170736386578799e-01, 6.5178972734103435e-01,
          1.4922163061719069e+00 ]
      tvec: [ 1.4048365707933339e+01, 3.5626089895027175e+00,
          7.7997766054900408e+00 ]
      matrix: !!opencv-matrix
         rows: 4
         cols: 4
         dt: d
         data: [ -1.7725636639664255e-02, -9.9973596727135217e-01,
             -1.4621817593333419e-02, 1.4048365707933339e+01,
             6.6865355388178882e-01, -2.2725635904110725e-02,
             7.4322672876720985e-01, 3.5626089895027175e+00,
             -7.4336278268889178e-01, 3.3972366370203511e-03,
             6.6887983382387894e-01, 7.7997766054900408e+00, 0., 0., 0.,
             1. ]
   -
      frame: 19
      rvec: [ -9.1760840305729963e-01, 9.0513679708127903e-01,
          1.4211822092125572e+00 ]
      tvec: [ 1.4349809056659380e+01, 6.3632119752051377e+00,
          7.7815327503517251e+00 ]
      matrix: !!opencv-matrix
         rows: 4
         cols: 4
         dt: d
         data: [ -3.4131743425827976e-02, -9.9892078749757673e-01,
             -3.1500545962487581e-02, 1.4349809056659380e+01,
             3.9384850676277244e-01, -4.2412194660688407e-02,
             9.1819636214962119e-01, 6.3632119752051377e+00,
             -9.1854144044318864e-01, 1.8933199657881816e-02,
             3.9487106267649819e-01, 7.7815327503517251e+00, 0., 0., 0.,
             1. ]
