%YAML:1.0
---
frames:
   -
      frame: 0
      rvec: [ 1.2481380439188507e+00, -1.0523823904345424e+00,
          1.3384590294375216e+00 ]
      tvec: [ 1.6432191048369084e+01, -1.7723479447166824e+01,
          1.7932022728887531e+00 ]
      matrix: !!opencv-matrix
         rows: 4
         cols: 4
         dt: d
         data: [ 1.4937062833788484e-02, -9.9001375042032402e-01,
             1.4017723828276801e-01, 1.6432191048369084e+01,
             9.7356454793109060e-02, -1.3808673576689345e-01,
             -9.8562354584058176e-01, -1.7723479447166824e+01,
             9.9513748038349803e-01, 2.8369479796581387e-02,
             9.4321618688689601e-02, 1.7932022728887531e+00, 0., 0., 0.,
             1. ]
   -
      frame: 1
      rvec: [ 1.0417892783648919e+00, -8.1192605551445995e-01,
          1.3801520780171377e+00 ]
      tvec: [ 1.7034360070583656e+01, -1.8983139775366798e+01,
          -5.2105460437761586e+00 ]
      matrix: !!opencv-matrix
         rows: 4
         cols: 4
         dt: d
         data: [ 6.3400496098558023e-02, -9.9019710590640009e-01,
             1.2445910392191462e-01, 1.7034360070583656e+01,
             3.7224493518816687e-01, -9.2246605675931431e-02,
             -9.2353899320387467e-01, -1.8983139775366798e+01,
             9.2596656814445188e-01, 1.0488210140847903e-01,
             3.6274737694837611e-01, -5.2105460437761586e+00, 0., 0., 0.,
             1. ]
   -
      frame: 2
      rvec: [ 8.4682613152378738e-01, -5.6736476826694260e-01,
          1.3730102401228428e+00 ]
      tvec: [ 1.6888658254113842e+01, -2.4500322741366773e+01,
          -1.1754714940548352e+01 ]
      matrix: !!opencv-matrix
         rows: 4
         cols: 4
         dt: d
         data: [ 1.4049346069085053e-01, -9.8225823568997961e-01,
             1.2421894349219470e-01, 1.6888658254113842e+01,
             6.0804281863286813e-01, -1.3415844174718694e-02,
             -7.9379087033933371e-01, -2.4500322741366773e+01,
             7.8137412179576682e-01, 1.8705286296736617e-01,
             5.9537022787808780e-01, -1.1754714940548352e+01, 0., 0., 0.,
             1. ]
   -
      frame: 3
      rvec: [ 5.9572920500319460e-01, -3.2917738866270718e-01,
          1.3537610447187067e+00 ]
      tvec: [ 1.6553180036586895e+01, -3.0580049590381090e+01,
          -1.4187349877076239e+01 ]
      matrix: !!opencv-matrix
         rows: 4
         cols: 4
         dt: d
         data: [ 2.0152913038741430e-01, -9.7272637543649443e-01,
             1.1484514850646696e-01, 1.6553180036586895e+01,
             8.1138845843099527e-01, 1.0011298858611906e-01,
             -5.7586991503405383e-01, -3.0580049590381090e+01,
             5.4866636413239811e-01, 2.0923859119802801e-01,
             8.0943463777083258e-01, -1.4187349877076239e+01, 0., 0., 0.,
             1. ]
   -
      frame: 4
      rvec: [ 3.5308281200758640e-01, -1.1212734784295147e-01,
          1.3178250075543483e+00 ]
      tvec: [ 1.5356003625460739e+01, -3.7634307809322685e+01,
          -1.4295471680525392e+01 ]
      matrix: !!opencv-matrix
         rows: 4
         cols: 4
         dt: d
         data: [ 2.5370980983412744e-01, -9.6002283917045927e-01,
             1.1826867998342418e-01, 1.5356003625460739e+01,
             9.2624144072245973e-01, 2.0588585671727211e-01,
             -3.1573376045677637e-01, -3.7634307809322685e+01,
             2.7876177263447194e-01, 1.8965010486389300e-01,
             9.4144819923498790e-01, -1.4295471680525392e+01, 0., 0., 0.,
             1. ]
   -
      frame: 5
      rvec: [ 9.8728733546120037e-02, 8.8679966298778251e-02,
          1.2648436245723187e+00 ]
      tvec: [ 1.4324756273870456e+01, -4.3337971927618298e+01,
          -1.1863104235248457e+01 ]
      matrix: !!opencv-matrix
         rows: 4
         cols: 4
         dt: d
         data: [ 2.9882530222007120e-01, -9.4659322311185679e-01,
             1.2109793025394622e-01, 1.4324756273870456e+01,
             9.5423021013874232e-01, 2.9800395743029201e-01,
             -2.5265538079692819e-02, -4.3337971927618298e+01,
             -1.2171475327781685e-02, 1.2310528548600677e-01,
             9.9231897284782078e-01, -1.1863104235248457e+01, 0., 0., 0.,
             1. ]
   -
      frame: 6
      rvec: [ -1.5524840478174945e-01, 2.8439896083061433e-01,
          1.2135981518496357e+00 ]
      tvec: [ 1.4093215729706584e+01, -4.7565985394279245e+01,
          -7.3926504123359473e+00 ]
      matrix: !!opencv-matrix
         rows: 4
         cols: 4
         dt: d
         data: [ 3.2006842057227353e-01, -9.3803464475826936e-01,
             1.3284280705253679e-01, 1.4093215729706584e+01,
             8.9939062571704353e-01, 3.4491679002942705e-01,
             2.6856826009061657e-01, -4.7565985394279245e+01,
             -2.9774604703450758e-01, 3.3517356533942333e-02,
             9.5405653830698178e-01, -7.3926504123359473e+00, 0., 0., 0.,
             1. ]
   -
      frame: 7
      rvec: [ -4.2035177546545621e-01, 4.6151393974660510e-01,
          1.1642339635748600e+00 ]
      tvec: [ 1.3599233739991190e+01, -5.0510284013281392e+01,
          -1.9553169799669736e+00 ]
      matrix: !!opencv-matrix
         rows: 4
         cols: 4
         dt: d
         data: [ 3.2339758335271640e-01, -9.3764737931973619e-01,
             1.2740249266185366e-01, 1.3599233739991190e+01,
             7.7027087540341665e-01, 3.3905670679055755e-01,
             5.4011418060035810e-01, -5.0510284013281392e+01,
             -5.4963331557218875e-01, -7.6537191189465087e-02,
             8.3189258728392934e-01, -1.9553169799669736e+00, 0., 0., 0.,
             1. ]
   -
      frame: 8
      rvec: [ -6.7727025185733436e-01, 6.5284537784518815e-01,
          1.1005941403696415e+00 ]
      tvec: [ 1.3107112515453613e+01, -5.0648714788183504e+01,
          4.0738780937759795e+00 ]
      matrix: !!opencv-matrix
         rows: 4
         cols: 4
         dt: d
         data: [ 3.1463853181450818e-01, -9.3948605534976759e-01,
             1.3553060946127338e-01, 1.3107112515453613e+01,
             5.6937091904730408e-01, 3.0104112015823503e-01,
             7.6497777779299148e-01, -5.0648714788183504e+01,
             -7.5948624137691867e-01, -1.6352429720750539e-01,
             6.2963517482900566e-01, 4.0738780937759795e+00, 0., 0., 0.,
             1. ]
   -
      frame: 9
      rvec: [ -9.3056055839299689e-01, 8.4783359555662696e-01,
          1.0213305375501953e+00 ]
      tvec: [ 1.3047491636687257e+01, -4.9294720801904539e+01,
          1.0374129135049204e+01 ]
      matrix: !!opencv-matrix
         rows: 4
         cols: 4
         dt: d
         data: [ 2.9582550842138766e-01, -9.4455236571827383e-01,
             1.4250648049558723e-01, 1.3047491636687257e+01,
             3.1392188723625980e-01, 2.3702720426263663e-01,
             9.1938629158448015e-01, -4.9294720801904539e+01,
             -9.0218640938624872e-01, -2.2724201384306125e-01,
             3.6663435445044901e-01, 1.0374129135049204e+01, 0., 0., 0.,
             1. ]
   -
      frame: 10
      rvec: [ -1.1885313567103521e+00, 1.0555045523446895e+00,
          9.2659730734124657e-01 ]
      tvec: [ 1.3316113552360717e+01, -4.5875760161485616e+01,
          1.4757400484911718e+01 ]
      matrix: !!opencv-matrix
         rows: 4
         cols: 4
         dt: d
         data: [ 2.6234555381341013e-01, -9.5458610299373470e-01,
             1.4120971059233278e-01, 1.3316113552360717e+01,
             1.6378949387992003e-02, 1.5071914576048917e-01,
             9.8844092849202392e-01, -4.5875760161485616e+01,
             -9.6483498092227193e-01, -2.5700021609419643e-01,
             5.5175615232234576e-02, 1.4757400484911718e+01, 0., 0., 0.,
             1. ]
   -
      frame: 11
      rvec: [ 1.5465592371762360e+00, -1.0496960952116423e+00,
          1.0084727129159479e+00 ]
      tvec: [ 1.7130662162688704e+01, -1.7891647620456872e+01,
          -7.4182996563872061e-01 ]
      matrix: !!opencv-matrix
         rows: 4
         cols: 4
         dt: d
         data: [ 2.8350866423364462e-01, -9.5300060833861289e-01,
             1.0683013531156837e-01, 1.7130662162688704e+01,
             -1.4490474157671501e-01, -1.5269463658460991e-01,
             -9.7759243236989057e-01, -1.7891647620456872e+01,
             9.4795857144341489e-01, 2.6167573151617901e-01,
             -1.8138455932750358e-01, -7.4182996563872061e-01, 0., 0.,
             0., 1. ]
   -
      frame: 12
      rvec: [ 1.7929342567456419e+00, -1.2919674276319268e+00,
          9.0832482797633318e-01 ]
      tvec: [ 1.6454706706313026e+01, -1.8956722117216419e+01,
          6.1451294571633142e+00 ]
      matrix: !!opencv-matrix
         rows: 4
         cols: 4
         dt: d
         data: [ 2.4409127917215379e-01, -9.6178158378800194e-01,
             1.2407913812702082e-01, 1.6454706706313026e+01,
             -4.4225400529541231e-01, -2.2427162373192033e-01,
             -8.6839716350804208e-01, -1.8956722117216419e+01,
             8.6303582905477749e-01, 1.5709367865987039e-01,
             -4.8009450516834945e-01, 6.1451294571633142e+00, 0., 0., 0.,
             1. ]
   -
      frame: 13
      rvec: [ 2.0057260176715772e+00, -1.5451722226224940e+00,
          7.5634842108807865e-01 ]
      tvec: [ 1.5855340637444574e+01, -2.1717825529376857e+01,
          1.1531402536363270e+01 ]
      matrix: !!opencv-matrix
         rows: 4
         cols: 4
         dt: d
         data: [ 2.0399493712041805e-01, -9.7055336652554280e-01,
             1.2811021955789392e-01, 1.5855340637444574e+01,
             -6.9653397275887885e-01, -2.3584883725102257e-01,
             -6.7765459546886719e-01, -2.1717825529376857e+01,
             6.8791459529651644e-01, 4.9004986412361839e-02,
             -7.2413536088548680e-01, 1.1531402536363270e+01, 0., 0., 0.,
             1. ]
   -
      frame: 14
      rvec: [ -2.4097850772300076e+00, 2.3333588021096792e+00,
          -4.4538321762282679e-01 ]
      tvec: [ 1.5618753754738137e+01, -2.6185017843492503e+01,
          1.4146733755134745e+01 ]
      matrix: !!opencv-matrix
         rows: 4
         cols: 4
         dt: d
         data: [ 2.8718337967018948e-02, -9.9940011408994667e-01,
             1.9356369014210451e-02, 1.5618753754738137e+01,
             -9.3626577139249156e-01, -3.3676628584231594e-02,
             -3.4967454869638848e-01, -2.6185017843492503e+01,
             3.5011664111155205e-01, -8.0806338985197901e-03,
             -9.3667125554943920e-01, 1.4146733755134745e+01, 0., 0., 0.,
             1. ]
   -
      frame: 15
      rvec: [ -2.2318277928403401e+00, 2.2074068825489399e+00,
          -9.5339541559160107e-02 ]
      tvec: [ 1.4973102881160401e+01, -3.1020669768328183e+01,
          1.5184498480625399e+01 ]
      matrix: !!opencv-matrix
         rows: 4
         cols: 4
         dt: d
         data: [ 1.0070517049886818e-02, -9.9898470019601537e-01,
             4.3910744250408473e-02, 1.4973102881160401e+01,
             -9.9905056014762528e-01, -1.1913144593333813e-02,
             -4.1905312964037822e-02, -3.1020669768328183e+01,
             4.2385881553455532e-02, -4.3447045471184512e-02,
             -9.9815619583548210e-01, 1.5184498480625399e+01, 0., 0., 0.,
             1. ]
   -
      frame: 16
      rvec: [ -2.0439730761981303e+00, 2.0568905964141706e+00,
          2.0956509252206915e-01 ]
      tvec: [ 1.4781615332986185e+01, -3.4949626546235770e+01,
          1.4850509813268516e+01 ]
      matrix: !!opencv-matrix
         rows: 4
         cols: 4
         dt: d
         data: [ 2.3512955793436596e-03, -9.9793042912531926e-01,
             6.4259863327387381e-02, 1.4781615332986185e+01,
             -9.6446574858665834e-01, 1.4714322416747971e-02,
             2.6379785541014666e-01, -3.4949626546235770e+01,
             -2.6419744739924200e-01, -6.2596703919391247e-02,
             -9.6243512064250480e-01, 1.4850509813268516e+01, 0., 0., 0.,
             1. ]
   -
      frame: 17
      rvec: [ -1.8551689794097193e+00, 1.8825621364077665e+00,
          4.7957621494063002e-01 ]
      tvec: [ 1.4491764063205865e+01, -3.8346274605828270e+01,
          1.3320922079872812e+01 ]
      matrix: !!opencv-matrix
         rows: 4
         cols: 4
         dt: d
         data: [ 7.2386106458208754e-03, -9.9721729122455760e-01,
             7.4197551163595665e-02, 1.4491764063205865e+01,
             -8.4017509045724115e-01, 3.4171891812847965e-02,
             5.4123756261469713e-01, -3.8346274605828270e+01,
             -5.4226692679075073e-01, -6.6256742243240546e-02,
             -8.3758977084025288e-01, 1.3320922079872812e+01, 0., 0., 0.,
             1. ]
   -
      frame: 18
      rvec: [ -1.6470712539035615e+00, 1.6724138376750060e+00,
          6.9792963309691858e-01 ]
      tvec: [ 1.4689677240160107e+01, -4.1334965174165788e+01,
          1.0871280573655017e+01 ]
      matrix: !!opencv-matrix
         rows: 4
         cols: 4
         dt: d
         data: [ 3.0971878196556335e-02, -9.9480647376660070e-01,
             9.6957838842662070e-02, 1.4689677240160107e+01,
             -6.3077823697781543e-01, 5.5794353292242582e-02,
             7.7395465364313143e-01, -4.1334965174165788e+01,
             -7.7534479976081405e-01, -8.5129723908646426e-02,
             -6.2577421774239061e-01, 1.0871280573655017e+01, 0., 0., 0.,
             1. ]
   -
      frame: 19
      rvec: [ -1.4120194168224833e+00, 1.4141851004724288e+00,
          8.7890282602214165e-01 ]
      tvec: [ 1.4790922386656211e+01, -4.3466856650441457e+01,
          8.7391932481882719e+00 ]
      matrix: !!opencv-matrix
         rows: 4
         cols: 4
         dt: d
         data: [ 8.3970617137362646e-02, -9.8921454858619973e-01,
             1.2001463378676741e-01, 1.4790922386656211e+01,
             -3.3035429637766056e-01, 8.5992955105544389e-02,
             9.3993151374822881e-01, -4.3466856650441457e+01,
             -9.4011434108963132e-01, -1.1857397917594426e-01,
             -3.1957039465506087e-01, 8.7391932481882719e+00, 0., 0., 0.,
             1. ]
