%YAML:1.0
---
frames:
   -
      frame: 0
      rvec: [ 2.3708545985819391e+00, 2.5226802628296627e+00,
          2.6356936236139292e+00 ]
      tvec: [ 1.3656779312109927e+01, -2.4048516527738464e+01,
          -1.1353938696243677e+00 ]
      matrix: !!opencv-matrix
         rows: 4
         cols: 4
         dt: d
         data: [ 4.8351845105190527e-02, 9.9424580924154426e-01,
             -9.5589590858788265e-02, 1.3656779312109927e+01,
             -1.3904227232852895e-01, 1.0146966471066576e-01,
             9.8507418687590453e-01, -2.4048516527738464e+01,
             9.8910532582766075e-01, -3.4339160576984995e-02,
             1.4314844208102706e-01, -1.1353938696243677e+00, 0., 0., 0.,
             1. ]
   -
      frame: 1
      rvec: [ 2.5287071735055990e+00, 2.6094773613341262e+00,
          2.0417275035249864e+00 ]
      tvec: [ 1.4268909614072033e+01, -2.2191018889091190e+01,
          -3.5987321644657246e+00 ]
      matrix: !!opencv-matrix
         rows: 4
         cols: 4
         dt: d
         data: [ 4.0815965393965592e-02, 9.9558939235043153e-01,
             -8.4473775861254041e-02, 1.4268909614072033e+01,
             1.5749173225568641e-01, 7.7076865779848402e-02,
             9.8450775062091744e-01, -2.2191018889091190e+01,
             9.8667644708894409e-01, -5.3487555570001621e-02,
             -1.5365113133030994e-01, -3.5987321644657246e+00, 0., 0.,
             0., 1. ]
   -
      frame: 2
      rvec: [ 2.6310395153340793e+00, 2.5816792674863605e+00,
          1.4726917959172225e+00 ]
      tvec: [ 1.4530908819906966e+01, -2.1641213806894218e+01,
          -1.1292630176741717e+01 ]
      matrix: !!opencv-matrix
         rows: 4
         cols: 4
         dt: d
         data: [ 6.0065776378804170e-02, 9.9596241798618412e-01,
             -6.6715548915716572e-02, 1.4530908819906966e+01,
             4.4949459355505034e-01, 3.2688694527953532e-02,
             8.9268474816972121e-01, -2.1641213806894218e+01,
             8.9126130448527374e-01, -8.3608081004003520e-02,
             -4.4571625045317365e-01, -1.1292630176741717e+01, 0., 0.,
             0., 1. ]
   -
      frame: 3
      rvec: [ 2.6671993498900655e+00, 2.3549126078668188e+00,
          1.0905999484349564e+00 ]
      tvec: [ 1.2654169046820318e+01, -2.3391512936445345e+01,
          -1.6619933072533591e+01 ]
      matrix: !!opencv-matrix
         rows: 4
         cols: 4
         dt: d
         data: [ 1.0684724503342058e-01, 9.9350818197865132e-01,
             3.9053278610669928e-02, 1.2654169046820318e+01,
             6.7238447523755340e-01, -1.0113520211690297e-01,
             7.3326038236924584e-01, -2.3391512936445345e+01,
             7.3244985063025814e-01, -5.2088033503365383e-02,
             -6.7882549530602088e-01, -1.6619933072533591e+01, 0., 0.,
             0., 1. ]
   -
      frame: 4
      rvec: [ 2.4698995842230205e+00, 2.2609710570995789e+00,
          7.6068281371194069e-01 ]
      tvec: [ 1.6676934876214219e+01, -2.3869155214975976e+01,
          -1.7540966330696563e+01 ]
      matrix: !!opencv-matrix
         rows: 4
         cols: 4
         dt: d
         data: [ 5.5212399650644839e-02, 9.9096251113080047e-01,
             1.2224930453035468e-01, 1.6676934876214219e+01,
             8.6333001825316580e-01, -1.0888918268025305e-01,
             4.9275189038522682e-01, -2.3869155214975976e+01,
             5.0161027751413312e-01, 7.8335480011068021e-02,
             -8.6153971589453138e-01, -1.7540966330696563e+01, 0., 0.,
             0., 1. ]
   -
      frame: 5
      rvec: [ 2.3978387837425394e+00, 2.2027733053818142e+00,
          9.5072066929242569e-03 ]
      tvec: [ 1.3121485583374390e+01, -2.6732568218029634e+01,
          -1.9597323479929042e+01 ]
      matrix: !!opencv-matrix
         rows: 4
         cols: 4
         dt: d
         data: [ 8.7633580710232084e-02, 9.9347556694885697e-01,
             -7.2983925679220962e-02, 1.3121485583374390e+01,
             9.9280856673984241e-01, -8.1106256600391613e-02,
             8.8050695330877338e-02, -2.6732568218029634e+01,
             8.1556761460241656e-02, -8.0175264364505061e-02,
             -9.9343868539744262e-01, -1.9597323479929042e+01, 0., 0.,
             0., 1. ]
   -
      frame: 6
      rvec: [ 2.1446331480585110e+00, 1.9194856184564446e+00,
          -4.1617222102882023e-01 ]
      tvec: [ 1.3352833030101680e+01, -3.1143372236575235e+01,
          -9.5646890187786031e+00 ]
      matrix: !!opencv-matrix
         rows: 4
         cols: 4
         dt: d
         data: [ 1.0009394203799038e-01, 9.9342918625388910e-01,
             -5.5494636373530803e-02, 1.3352833030101680e+01,
             9.2720702513908893e-01, -1.1336326234944105e-01,
             -3.5698165678674887e-01, -3.1143372236575235e+01,
             -3.6092704983142460e-01, -1.5723315440038216e-02,
             -9.3246149628365749e-01, -9.5646890187786031e+00, 0., 0.,
             0., 1. ]
   -
      frame: 7
      rvec: [ 1.9487064761322899e+00, 1.7106809553487767e+00,
          -6.6970372683894419e-01 ]
      tvec: [ 1.3114755786737502e+01, -3.2446879867241563e+01,
          -8.7312782005989078e+00 ]
      matrix: !!opencv-matrix
         rows: 4
         cols: 4
         dt: d
         data: [ 1.0854736443215773e-01, 9.9232926719799652e-01,
             -5.9161601880947379e-02, 1.3114755786737502e+01,
             7.6874892013379570e-01, -1.2152534634689549e-01,
             -6.2789862875179947e-01, -3.2446879867241563e+01,
             -6.3027182030291917e-01, 2.2676323722209846e-02,
             -7.7604330863328119e-01, -8.7312782005989078e+00, 0., 0.,
             0., 1. ]
   -
      frame: 8
      rvec: [ 1.7362781388539141e+00, 1.4925702612579224e+00,
          -8.9466690492228518e-01 ]
      tvec: [ 1.3188143726870475e+01, -3.2709959154386510e+01,
          -7.3021185359516299e+00 ]
      matrix: !!opencv-matrix
         rows: 4
         cols: 4
         dt: d
         data: [ 1.1028741581911428e-01, 9.9121343510667037e-01,
             -7.3024735370807003e-02, 1.3188143726870475e+01,
             5.3161154783382458e-01, -1.2091008658540792e-01,
             -8.3831373194743408e-01, -3.2709959154386510e+01,
             -8.3977726101726935e-01, 5.3634662541530098e-02,
             -5.4027536946670929e-01, -7.3021185359516299e+00, 0., 0.,
             0., 1. ]
   -
      frame: 9
      rvec: [ 1.4919689644982870e+00, 1.2603828542709736e+00,
          -1.0891877771555152e+00 ]
      tvec: [ 1.3183752651126474e+01, -3.3109834418010543e+01,
          -6.8764669928410402e+00 ]
      matrix: !!opencv-matrix
         rows: 4
         cols: 4
         dt: d
         data: [ 1.0251846308831236e-01, 9.9132649873906287e-01,
             -8.2229785502342279e-02, 1.3183752651126474e+01,
             2.2505903728305915e-01, -1.0363727669110401e-01,
             -9.6881770453335259e-01, -3.3109834418010543e+01,
             -9.6893673398382052e-01, 8.0815145720356363e-02,
             -2.3373172176442936e-01, -6.8764669928410402e+00, 0., 0.,
             0., 1. ]
   -
      frame: 10
      rvec: [ -8.0643091680913004e-01, -9.1859497026067183e-01,
          -1.3157976725632199e+00 ]
      tvec: [ 1.3262922620612615e+01, -2.5804985547790064e+01,
          8.0424772875401673e-01 ]
      matrix: !!opencv-matrix
         rows: 4
         cols: 4
         dt: d
         data: [ 2.3373543137630265e-02, 9.9509299431353526e-01,
             -9.6143695317559397e-02, 1.3262922620612615e+01,
             -4.3320619532266724e-01, 9.6753408955465664e-02,
             8.9608658632386373e-01, -2.5804985547790064e+01,
             9.0099171462075733e-01, 2.0705325972288802e-02,
             4.3334192003674044e-01, 8.0424772875401673e-01, 0., 0., 0.,
             1. ]
   -
      frame: 11
      rvec: [ 1.6450578571667223e+00, 2.0265488413937001e+00,
          3.7933092858969895e+00 ]
      tvec: [ 1.3100222953409089e+01, -2.9496096647786249e+01,
          2.4884427914513312e+00 ]
      matrix: !!opencv-matrix
         rows: 4
         cols: 4
         dt: d
         data: [ 3.3785844542061613e-02, 9.9318112572513295e-01,
             -1.1157852935012752e-01, 1.3100222953409089e+01,
             -6.4487462257609851e-01, 1.0695596464299741e-01,
             7.5676756192679151e-01, -2.9496096647786249e+01,
             7.6354124830680492e-01, 4.6386130800526060e-02,
             6.4409090119597423e-01, 2.4884427914513312e+00, 0., 0., 0.,
             1. ]
   -
      frame: 12
      rvec: [ 1.0844528944388261e+00, 1.5407560668347977e+00,
          4.2839241150084479e+00 ]
      tvec: [ 1.2695771003921706e+01, -3.2100926444031117e+01,
          2.1567773234664722e+00 ]
      matrix: !!opencv-matrix
         rows: 4
         cols: 4
         dt: d
         data: [ 2.3007921385855834e-02, 9.9365873479809042e-01,
             -1.1005886748899693e-01, 1.2695771003921706e+01,
             -8.3613301114485894e-01, 7.9474864211040303e-02,
             5.4273873422897323e-01, -3.2100926444031117e+01,
             5.4804399752878741e-01, 7.9536562146568929e-02,
             8.3265942140503724e-01, 2.1567773234664722e+00, 0., 0., 0.,
             1. ]
   -
      frame: 13
      rvec: [ 4.4869647551035230e-01, 9.6302283556292323e-01,
          4.5964943092399677e+00 ]
      tvec: [ 1.2724156804690331e+01, -3.4244327902177119e+01,
          2.1170591112891890e-01 ]
      matrix: !!opencv-matrix
         rows: 4
         cols: 4
         dt: d
         data: [ 1.4288633802862976e-02, 9.9361092926908401e-01,
             -1.1195157962742296e-01, 1.2724156804690331e+01,
             -9.5498681470546498e-01, 4.6739510633473716e-02,
             2.9294300108460225e-01, -3.4244327902177119e+01,
             2.9630392957697599e-01, 1.0272652716202829e-01,
             9.4955318015078627e-01, 2.1170591112891890e-01, 0., 0., 0.,
             1. ]
   -
      frame: 14
      rvec: [ -2.4233891446689401e-01, 2.8503957737879237e-01,
          4.6932132730200644e+00 ]
      tvec: [ 1.2569538475361560e+01, -3.6186594012110355e+01,
          -1.9200070025554956e+00 ]
      matrix: !!opencv-matrix
         rows: 4
         cols: 4
         dt: d
         data: [ -1.6259446029146508e-03, 9.9369879166657671e-01,
             -1.1207170804682855e-01, 1.2569538475361560e+01,
             -9.9995807026940176e-01, -6.0565609591891299e-04,
             9.1373346106893918e-03, -3.6186594012110355e+01,
             9.0118814485366239e-03, 1.1208186571019774e-01,
             9.9365811090720679e-01, -1.9200070025554956e+00, 0., 0., 0.,
             1. ]
   -
      frame: 15
      rvec: [ -9.0323755547580586e-01, -3.8167983104074582e-01,
          4.5399760356604810e+00 ]
      tvec: [ 1.2704390984758284e+01, -3.6457500602907658e+01,
          -4.6238812083720262e+00 ]
      matrix: !!opencv-matrix
         rows: 4
         cols: 4
         dt: d
         data: [ -2.7296625564692950e-02, 9.9228191130091492e-01,
             -1.2096074874844208e-01, 1.2704390984758284e+01,
             -9.5815781374793274e-01, -6.0463730795649533e-02,
             -2.7978159555634241e-01, -3.6457500602907658e+01,
             -2.8493595453463305e-01, 1.0826239311632649e-01,
             9.5241312257347810e-01, -4.6238812083720262e+00, 0., 0., 0.,
             1. ]
   -
      frame: 16
      rvec: [ -1.4677854048213086e+00, -1.0059220603827559e+00,
          4.1776057690078998e+00 ]
      tvec: [ 1.2767485004350895e+01, -3.6292787218578852e+01,
          -6.8865388920852242e+00 ]
      matrix: !!opencv-matrix
         rows: 4
         cols: 4
         dt: d
         data: [ -4.8439151870642058e-02, 9.9034304216870539e-01,
             -1.2990114469890829e-01, 1.2767485004350895e+01,
             -8.2266816327131798e-01, -1.1331349058327309e-01,
             -5.5711502043261296e-01, -3.6292787218578852e+01,
             -5.6645453630971043e-01, 7.9879357032141385e-02,
             8.2021250088881403e-01, -6.8865388920852242e+00, 0., 0., 0.,
             1. ]
   -
      frame: 17
      rvec: [ -1.9059943705457514e+00, -1.5061503948549491e+00,
          3.6831479811089212e+00 ]
      tvec: [ 1.3149104517771589e+01, -3.6087500788824968e+01,
          -9.0359901954304576e+00 ]
      matrix: !!opencv-matrix
         rows: 4
         cols: 4
         dt: d
         data: [ -5.3958539660637905e-02, 9.8851219692888026e-01,
             -1.4118113372731556e-01, 1.3149104517771589e+01,
             -6.0634714541909907e-01, -1.4477174925945213e-01,
             -7.8191065976776919e-01, -3.6087500788824968e+01,
             -7.9336726378128386e-01, 4.3414020076435078e-02,
             6.0719322099394502e-01, -9.0359901954304576e+00, 0., 0., 0.,
             1. ]
   -
      frame: 18
      rvec: [ 1.2031458076262960e+00, 1.0303194321366176e+00,
          -1.2978093066128684e+00 ]
      tvec: [ 1.3721906874128724e+01, -3.4512566187988831e+01,
          -1.0464685258272263e+01 ]
      matrix: !!opencv-matrix
         rows: 4
         cols: 4
         dt: d
         data: [ 4.4572969709295696e-02, 9.9435085672816892e-01,
             -9.6330805536185837e-02, 1.3721906874128724e+01,
             -1.3169384944395968e-01, -8.9736682842606330e-02,
             -9.8722036940646496e-01, -3.4512566187988831e+01,
             -9.9028782704319140e-01, 5.6689518223052071e-02,
             1.2695006157427557e-01, -1.0464685258272263e+01, 0., 0., 0.,
             1. ]
