%YAML:1.0
---
frames:
   -
      frame: 0
      rvec: [ -1.1690352830376722e+00, 1.2399205628532257e+00,
          1.1776599547481270e+00 ]
      tvec: [ 4.8458048622006151e+00, 1.9338228379796880e+00,
          -1.4666542581405086e+01 ]
      matrix: !!opencv-matrix
         rows: 4
         cols: 4
         dt: d
         data: [ -8.6289445828875988e-03, -9.9869908207007718e-01,
             5.0256191536668160e-02, 4.8458048622006151e+00,
             -1.2158712861293219e-03, 5.0268504311374085e-02,
             9.9873499945246358e-01, 1.9338228379796880e+00,
             -9.9996203076536894e-01, 8.5569239030257593e-03,
             -1.6480536753404329e-03, -1.4666542581405086e+01, 0., 0.,
             0., 1. ]
   -
      frame: 1
      rvec: [ -8.9239945209501492e-01, 9.8795366554713970e-01,
          1.3541267024879520e+00 ]
      tvec: [ 4.9042851588602607e+00, 4.6117346829180086e+00,
          -1.5699061771176559e+01 ]
      matrix: !!opencv-matrix
         rows: 4
         cols: 4
         dt: d
         data: [ -3.0291959886411701e-02, -9.9832074653283986e-01,
             4.9376960298837647e-02, 4.9042851588602607e+00,
             3.5173751391978469e-01, 3.5593233817123537e-02,
             9.3542174606322281e-01, 4.6117346829180086e+00,
             -9.3560842154598467e-01, 4.5703487269053211e-02,
             3.5006866866898850e-01, -1.5699061771176559e+01, 0., 0., 0.,
             1. ]
   -
      frame: 2
      rvec: [ -6.8150799558689634e-01, 7.3573673647050564e-01,
          1.4961519360215390e+00 ]
      tvec: [ 4.9551116033551530e+00, 8.3470344190960706e+00,
          -1.9160637400196773e+01 ]
      matrix: !!opencv-matrix
         rows: 4
         cols: 4
         dt: d
         data: [ -5.2493029262653451e-02, -9.9855364470974328e-01,
             1.1623274741565770e-02, 4.9551116033551530e+00,
             6.1886087605830664e-01, -2.3393678098911436e-02,
             7.8515218391681851e-01, 8.3470344190960706e+00,
             -7.8374466375419449e-01, 4.8408206555213551e-02,
             6.1919378838529404e-01, -1.9160637400196773e+01, 0., 0., 0.,
             1. ]
   -
      frame: 3
      rvec: [ -4.3859321500253767e-01, 4.9354943390535583e-01,
          1.5749847907089871e+00 ]
      tvec: [ 5.2140226504838356e+00, 1.3278436642589035e+01,
          -2.1218386423462086e+01 ]
      matrix: !!opencv-matrix
         rows: 4
         cols: 4
         dt: d
         data: [ -6.1597844099265969e-02, -9.9795457693029754e-01,
             1.7098771481992903e-02, 5.2140226504838356e+00,
             8.2924152486602321e-01, -4.1634865414537203e-02,
             5.5733744842759869e-01, 1.3278436642589035e+01,
             -5.5548555250356901e-01, 4.8509796595989418e-02,
             8.3010999306960565e-01, -2.1218386423462086e+01, 0., 0., 0.,
             1. ]
   -
      frame: 4
      rvec: [ -1.7283822493553608e-01, 2.9369162935204163e-01,
          1.6094887456304998e+00 ]
      tvec: [ 5.0082878871525311e+00, 1.9504584288980482e+01,
          -1.9810327748085349e+01 ]
      matrix: !!opencv-matrix
         rows: 4
         cols: 4
         dt: d
         data: [ -6.2447075389536429e-02, -9.9575578090871442e-01,
             6.7607599884700803e-02, 5.0082878871525311e+00,
             9.5545926100563616e-01, -4.0067877904349077e-02,
             2.9239043369919909e-01, 1.9504584288980482e+01,
             -2.8844057158079739e-01, 8.2855234880594056e-02,
             9.5390620436132201e-01, -1.9810327748085349e+01, 0., 0., 0.,
             1. ]
   -
      frame: 5
      rvec: [ 7.2302393184568992e-02, 3.3823802029491187e-02,
          1.6268658754570691e+00 ]
      tvec: [ 5.2307587639847819e+00, 2.4869020062551641e+01,
          -1.7816218567537064e+01 ]
      matrix: !!opencv-matrix
         rows: 4
         cols: 4
         dt: d
         data: [ -5.5909396792539694e-02, -9.9614217300351071e-01,
             6.7638084790584169e-02, 5.2307587639847819e+00,
             9.9809264878166637e-01, -5.7537857283753845e-02,
             -2.2370950520525793e-02, 2.4869020062551641e+01,
             2.6176397733297645e-02, 6.6258328857874749e-02,
             9.9745908690966856e-01, -1.7816218567537064e+01, 0., 0., 0.,
             1. ]
   -
      frame: 6
      rvec: [ 3.2251220306903799e-01, -2.2839053997493450e-01,
          1.6224842921644129e+00 ]
      tvec: [ 5.2004923200561324e+00, 2.8737104091387177e+01,
          -1.5685451265933294e+01 ]
      matrix: !!opencv-matrix
         rows: 4
         cols: 4
         dt: d
         data: [ -5.7970557926373088e-02, -9.9585285420192826e-01,
             7.0117809375209367e-02, 5.2004923200561324e+00,
             9.3779707996516959e-01, -7.8404666167340209e-02,
             -3.3821493925015983e-01, 2.8737104091387177e+01,
             3.4230987602245189e-01, 4.6149768158259552e-02,
             9.3845306098729975e-01, -1.5685451265933294e+01, 0., 0., 0.,
             1. ]
   -
      frame: 7
      rvec: [ 5.5902674636811700e-01, -4.5471219023857268e-01,
          1.5925724455879240e+00 ]
      tvec: [ 5.6054157859246629e+00, 3.2460275000575272e+01,
          -9.8766074568487880e+00 ]
      matrix: !!opencv-matrix
         rows: 4
         cols: 4
         dt: d
         data: [ -5.5987043284021182e-02, -9.9466199086939522e-01,
             8.6677418651251836e-02, 5.6054157859246629e+00,
             7.9894703307498616e-01, -9.6696553809417163e-02,
             -5.9357679774571670e-01, 3.2460275000575272e+01,
             5.9878968705630720e-01, 3.6018056598235926e-02,
             8.0009600066110587e-01, -9.8766074568487880e+00, 0., 0., 0.,
             1. ]
   -
      frame: 8
      rvec: [ 8.0028049280966240e-01, -7.0453626240677170e-01,
          1.5279573416402867e+00 ]
      tvec: [ 5.6463559940659636e+00, 3.3677224650351633e+01,
          -5.0024717585061556e+00 ]
      matrix: !!opencv-matrix
         rows: 4
         cols: 4
         dt: d
         data: [ -5.0577368672740458e-02, -9.9450262616596008e-01,
             9.1686729285925084e-02, 5.6463559940659636e+00,
             5.7603687750554478e-01, -1.0404372272925888e-01,
             -8.1077519665706299e-01, 3.3677224650351633e+01,
             8.1585749094544924e-01, 1.1808061214522603e-02,
             5.7813244517026585e-01, -5.0024717585061556e+00, 0., 0., 0.,
             1. ]
   -
      frame: 9
      rvec: [ 1.0214773828076964e+00, -9.5576871342822367e-01,
          1.4326043201133087e+00 ]
      tvec: [ 5.9808046611664611e+00, 3.3728403487600417e+01,
          9.5860491111555257e-02 ]
      matrix: !!opencv-matrix
         rows: 4
         cols: 4
         dt: d
         data: [ -4.9149223234249806e-02, -9.9524592327866135e-01,
             8.4082733380136054e-02, 5.9808046611664611e+00,
             3.0452948429737525e-01, -9.5108335457802951e-02,
             -9.4774268539515560e-01, 3.3728403487600417e+01,
             9.5123401276922637e-01, -2.0975145378547388e-02,
             3.0775622857596935e-01, 9.5860491111555257e-02, 0., 0., 0.,
             1. ]
   -
      frame: 10
      rvec: [ 1.2936992124416291e+00, -1.1452507231167040e+00,
          1.3030024149617432e+00 ]
      tvec: [ 5.7723280613431545e+00, 3.1788511568747182e+01,
          4.6052334414222820e+00 ]
      matrix: !!opencv-matrix
         rows: 4
         cols: 4
         dt: d
         data: [ -1.8721665400747156e-03, -9.9247947320165186e-01,
             1.2239685562063107e-01, 5.7723280613431545e+00,
             5.9860718315584149e-03, -1.2240599984468969e-01,
             -9.9246205879421368e-01, 3.1788511568747182e+01,
             9.9998033077479753e-01, -1.1253778890662480e-03,
             6.1702178351459303e-03, 4.6052334414222820e+00, 0., 0., 0.,
             1. ]
   -
      frame: 11
      rvec: [ -1.3747106386833536e+00, 1.4673132151702035e+00,
