%YAML:1.0
---
frames:
   -
      frame: 0
      rvec: [ 2.3708545985819391e+00, 2.5226802628296627e+00,
          2.6356936236139292e+00 ]
      tvec: [ 1.3656779312109927e+01, -2.4048516527738464e+01,
          -1.1353938696243677e+00 ]
      matrix: !!opencv-matrix
         rows: 4
         cols: 4
         dt: d
         data: [ 4.8351845105190527e-02, 9.9424580924154426e-01,
             -9.5589590858788265e-02, 1.3656779312109927e+01,
             -1.3904227232852895e-01, 1.0146966471066576e-01,
             9.8507418687590453e-01, -2.4048516527738464e+01,
             9.8910532582766075e-01, -3.4339160576984995e-02,
             1.4314844208102706e-01, -1.1353938696243677e+00, 0., 0., 0.,
             1. ]
   -
      frame: 1
      rvec: [ 2.5287071735055990e+00, 2.6094773613341262e+00,
          2.0417275035249864e+00 ]
      tvec: [ 1.4268909614072033e+01, -2.2191018889091190e+01,
          -3.5987321644657246e+00 ]
      matrix: !!opencv-matrix
         rows: 4
         cols: 4
         dt: d
         data: [ 4.0815965393965592e-02, 9.9558939235043153e-01,
             -8.4473775861254041e-02, 1.4268909614072033e+01,
             1.5749173225568641e-01, 7.7076865779848402e-02,
             9.8450775062091744e-01, -2.2191018889091190e+01,
             9.8667644708894409e-01, -5.3487555570001621e-02,
             -1.5365113133030994e-01, -3.5987321644657246e+00, 0., 0.,
             0., 1. ]
   -
      frame: 2
      rvec: [ 2.6310395153340793e+00, 2.5816792674863605e+00,
          1.4726917959172225e+00 ]
      tvec: [ 1.4530908819906966e+01, -2.1641213806894218e+01,
          -1.1292630176741717e+01 ]
      matrix: !!opencv-matrix
         rows: 4
         cols: 4
         dt: d
         data: [ 6.0065776378804170e-02, 9.9596241798618412e-01,
             -6.6715548915716572e-02, 1.4530908819906966e+01,
             4.4949459355505034e-01, 3.2688694527953532e-02,
             8.9268474816972121e-01, -2.1641213806894218e+01,
             8.9126130448527374e-01, -8.3608081004003520e-02,
             -4.4571625045317365e-01, -1.1292630176741717e+01, 0., 0.,
             0., 1. ]
   -
      frame: 3
      rvec: [ 2.6671993498900655e+00, 2.3549126078668188e+00,
          1.0905999484349564e+00 ]
      tvec: [ 1.2654169046820318e+01, -2.3391512936445345e+01,
          -1.6619933072533591e+01 ]
      matrix: !!opencv-matrix
         rows: 4
         cols: 4
         dt: d
         data: [ 1.0684724503342058e-01, 9.9350818197865132e-01,
             3.9053278610669928e-02, 1.2654169046820318e+01,
             6.7238447523755340e-01, -1.0113520211690297e-01,
             7.3326038236924584e-01, -2.3391512936445345e+01,
             7.3244985063025814e-01, -5.2088033503365383e-02,
             -6.7882549530602088e-01, -1.6619933072533591e+01, 0., 0.,
             0., 1. ]
   -
      frame: 4
      rvec: [ 2.4698995842230205e+00, 2.2609710570995789e+00,
          7.6068281371194069e-01 ]
      tvec: [ 1.6676934876214219e+01, -2.3869155214975976e+01,
          -1.7540966330696563e+01 ]
      matrix: !!opencv-matrix
         rows: 4
         cols: 4
         dt: d
         data: [ 5.5212399650644839e-02, 9.9096251113080047e-01,
             1.2224930453035468e-01, 1.6676934876214219e+01,
             8.6333001825316580e-01, -1.0888918268025305e-01,
             4.9275189038522682e-01, -2.3869155214975976e+01,
             5.0161027751413312e-01, 7.8335480011068021e-02,
             -8.6153971589453138e-01, -1.7540966330696563e+01, 0., 0.,
             0., 1. ]
   -
      frame: 5
      rvec: [ 2.3978387837425394e+00, 2.2027733053818142e+00,
          9.5072066929242569e-03 ]
      tvec: [ 1.3121485583374390e+01, -2.6732568218029634e+01,
          -1.9597323479929042e+01 ]
      matrix: !!opencv-matrix
         rows: 4
         cols: 4
         dt: d
         data: [ 8.7633580710232084e-02, 9.9347556694885697e-01,
             -7.2983925679220962e-02, 1.3121485583374390e+01,
             9.9280856673984241e-01, -8.1106256600391613e-02,
             8.8050695330877338e-02, -2.6732568218029634e+01,
             8.1556761460241656e-02, -8.0175264364505061e-02,
             -9.9343868539744262e-01, -1.9597323479929042e+01, 0., 0.,
             0., 1. ]
   -
      frame: 6
      rvec: [ 2.1446331480585110e+00, 1.9194856184564446e+00,
          -4.1617222102882023e-01 ]
      tvec: [ 1.3352833030101680e+01, -3.1143372236575235e+01,
          -9.5646890187786031e+00 ]
      matrix: !!opencv-matrix
         rows: 4
         cols: 4
         dt: d
         data: [ 1.0009394203799038e-01, 9.9342918625388910e-01,
             -5.5494636373530803e-02, 1.3352833030101680e+01,
             9.2720702513908893e-01, -1.1336326234944105e-01,
             -3.5698165678674887e-01, -3.1143372236575235e+01,
             -3.6092704983142460e-01, -1.5723315440038216e-02,
             -9.3246149628365749e-01, -9.5646890187786031e+00, 0., 0.,
             0., 1. ]
   -
      frame: 7
      rvec: [ 1.9487064761322899e+00, 1.7106809553487767e+00,
          -6.6970372683894419e-01 ]
      tvec: [ 1.3114755786737502e+01, -3.2446879867241563e+01,
          -8.7312782005989078e+00 ]
      matrix: !!opencv-matrix
         rows: 4
         cols: 4
         dt: d
         data: [ 1.0854736443215773e-01, 9.9232926719799652e-01,
             -5.9161601880947379e-02, 1.3114755786737502e+01,
             7.6874892013379570e-01, -1.2152534634689549e-01,
             -6.2789862875179947e-01, -3.2446879867241563e+01,
             -6.3027182030291917e-01, 2.2676323722209846e-02,
             -7.7604330863328119e-01, -8.7312782005989078e+00, 0., 0.,
             0., 1. ]
   -
      frame: 8
      rvec: [ 1.7362781388539141e+00, 1.4925702612579224e+00,
          -8.9466690492228518e-01 ]
      tvec: [ 1.3188143726870475e+01, -3.2709959154386510e+01,
          -7.3021185359516299e+00 ]
      matrix: !!opencv-matrix
         rows: 4
         cols: 4
         dt: d
         data: [ 1.1028741581911428e-01, 9.9121343510667037e-01,
             -7.3024735370807003e-02, 1.3188143726870475e+01,
             5.3161154783382458e-01, -1.2091008658540792e-01,
             -8.3831373194743408e-01, -3.2709959154386510e+01,
             -8.3977726101726935e-01, 5.3634662541530098e-02,
             -5.4027536946670929e-01, -7.3021185359516299e+00, 0., 0.,
             0., 1. ]
   -
      frame: 9
      rvec: [ 1.4919689644982870e+00, 1.2603828542709736e+00,
          -1.0891877771555152e+00 ]
      tvec: [ 1.3183752651126474e+01, -3.3109834418010543e+01,
          -6.8764669928410402e+00 ]
      matrix: !!opencv-matrix
         rows: 4
         cols: 4
         dt: d
         data: [ 1.0251846308831236e-01, 9.9132649873906287e-01,
             -8.2229785502342279e-02, 1.3183752651126474e+01,
             2.2505903728305915e-01, -1.0363727669110401e-01,
             -9.6881770453335259e-01, -3.3109834418010543e+01,
             -9.6893673398382052e-01, 8.0815145720356363e-02,
             -2.3373172176442936e-01, -6.8764669928410402e+00, 0., 0.,
             0., 1. ]
   -
      frame: 10
      rvec: [ -8.0643091680913004e-01, -9.1859497026067183e-01,
          -1.3157976725632199e+00 ]
      tvec: [ 1.3262922620612615e+01, -2.5804985547790064e+01,
          8.0424772875401673e-01 ]
      matrix: !!opencv-matrix
         rows: 4
         cols: 4
         dt: d
         data: [ 2.3373543137630265e-02, 9.9509299431353526e-01,
             -9.6143695317559397e-02, 1.3262922620612615e+01,
             -4.3320619532266724e-01, 9.6753408955465664e-02,
             8.9608658632386373e-01, -2.5804985547790064e+01,
             9.0099171462075733e-01, 2.0705325972288802e-02,
             4.3334192003674044e-01, 8.0424772875401673e-01, 0., 0., 0.,
             1. ]
   -
      frame: 11
