0.0149371 -0.990014 0.140177 16.4322 0.0973565 -0.138087 -0.985624 -17.7235 0.995137 0.0283695 0.0943216 1.7932 0 0 0 1 
0.0634005 -0.990197 0.124459 17.0344 0.372245 -0.0922466 -0.923539 -18.9831 0.925967 0.104882 0.362747 -5.21055 0 0 0 1 
0.140493 -0.982258 0.124219 16.8887 0.608043 -0.0134158 -0.793791 -24.5003 0.781374 0.187053 0.59537 -11.7547 0 0 0 1 
0.201529 -0.972726 0.114845 16.5532 0.811388 0.100113 -0.57587 -30.58 0.548666 0.209239 0.809435 -14.1873 0 0 0 1 
0.25371 -0.960023 0.118269 15.356 0.926241 0.205886 -0.315734 -37.6343 0.278762 0.18965 0.941448 -14.2955 0 0 0 1 
0.298825 -0.946593 0.121098 14.3248 0.95423 0.298004 -0.0252655 -43.338 -0.0121715 0.123105 0.992319 -11.8631 0 0 0 1 
0.320068 -0.938035 0.132843 14.0932 0.899391 0.344917 0.268568 -47.566 -0.297746 0.0335174 0.954057 -7.39265 0 0 0 1 
0.323398 -0.937647 0.127402 13.5992 0.770271 0.339057 0.540114 -50.5103 -0.549633 -0.0765372 0.831893 -1.95532 0 0 0 1 
0.314639 -0.939486 0.135531 13.1071 0.569371 0.301041 0.764978 -50.6487 -0.759486 -0.163524 0.629635 4.07388 0 0 0 1 
0.295826 -0.944552 0.142506 13.0475 0.313922 0.237027 0.919386 -49.2947 -0.902186 -0.227242 0.366634 10.3741 0 0 0 1 
0.262346 -0.954586 0.14121 13.3161 0.0163789 0.150719 0.988441 -45.8758 -0.964835 -0.257 0.0551756 14.7574 0 0 0 1 
0.283509 -0.953001 0.10683 17.1307 -0.144905 -0.152695 -0.977592 -17.8916 0.947959 0.261676 -0.181385 -0.74183 0 0 0 1 
0.244091 -0.961782 0.124079 16.4547 -0.442254 -0.224272 -0.868397 -18.9567 0.863036 0.157094 -0.480095 6.14513 0 0 0 1 
0.203995 -0.970553 0.12811 15.8553 -0.696534 -0.235849 -0.677655 -21.7178 0.687915 0.049005 -0.724135 11.5314 0 0 0 1 
0.0287183 -0.9994 0.0193564 15.6188 -0.936266 -0.0336766 -0.349675 -26.185 0.350117 -0.00808063 -0.936671 14.1467 0 0 0 1 
0.0100705 -0.998985 0.0439107 14.9731 -0.999051 -0.0119131 -0.0419053 -31.0207 0.0423859 -0.043447 -0.998156 15.1845 0 0 0 1 
0.0023513 -0.99793 0.0642599 14.7816 -0.964466 0.0147143 0.263798 -34.9496 -0.264197 -0.0625967 -0.962435 14.8505 0 0 0 1 
0.00723861 -0.997217 0.0741976 14.4918 -0.840175 0.0341719 0.541238 -38.3463 -0.542267 -0.0662567 -0.83759 13.3209 0 0 0 1 
0.0309719 -0.994806 0.0969578 14.6897 -0.630778 0.0557944 0.773955 -41.335 -0.775345 -0.0851297 -0.625774 10.8713 0 0 0 1 
0.0839706 -0.989215 0.120015 14.7909 -0.330354 0.085993 0.939932 -43.4669 -0.940114 -0.118574 -0.31957 8.73919 0 0 0 1 
