%YAML:1.0
---
frames:
   -
      frame: 0
      rvec: [ -1.1680619137941695e+00, 1.2619462254235461e+00,
          1.1857319143345428e+00 ]
      tvec: [ 4.5294463593490866e+00, 2.2739765544426196e+00,
          -1.5060718402745795e+01 ]
      matrix: !!opencv-matrix
         rows: 4
         cols: 4
         dt: d
         data: [ -2.7541308131775522e-02, -9.9835452830167659e-01,
             5.0296244053875949e-02, 4.5294463593490866e+00,
             -1.1913280107249680e-02, 5.0639573071086075e-02,
             9.9864593695476667e-01, 2.2739765544426196e+00,
             -9.9954967365482972e-01, 2.6904822220460367e-02,
             -1.3288357227611458e-02, -1.5060718402745795e+01, 0., 0.,
             0., 1. ]
   -
      frame: 1
      rvec: [ -9.2628446032423861e-01, 9.9663205710491598e-01,
          1.3418865849652601e+00 ]
      tvec: [ 4.4439895362195960e+00, 3.5866711033880101e+00,
          -1.5789923412940205e+01 ]
      matrix: !!opencv-matrix
         rows: 4
         cols: 4
         dt: d
         data: [ -2.0341672185390902e-02, -9.9908200271384362e-01,
             3.7701037465793841e-02, 4.4439895362195960e+00,
             3.2480469776561477e-01, 2.9059699939393613e-02,
             9.4533456625092249e-01, 3.5866711033880101e+00,
             -9.4556233252075428e-01, 3.1475159931722063e-02,
             3.2391540504456190e-01, -1.5789923412940205e+01, 0., 0., 0.,
             1. ]
   -
      frame: 2
      rvec: [ -6.8571212036426121e-01, 7.7187230150405239e-01,
          1.4668905324110839e+00 ]
      tvec: [ 4.8531596294158552e+00, 9.4885861596203380e+00,
          -1.9901379741528544e+01 ]
      matrix: !!opencv-matrix
         rows: 4
         cols: 4
         dt: d
         data: [ -4.2724105607101687e-02, -9.9836756672481697e-01,
             3.7905837440178614e-02, 4.8531596294158552e+00,
             5.9663194047036960e-01, 4.9369207254729430e-03,
             8.0249981584067154e-01, 9.4885861596203380e+00,
             -8.0137692655243986e-01, 5.6901920228744685e-02,
             5.9544705311525981e-01, -1.9901379741528544e+01, 0., 0., 0.,
             1. ]
   -
      frame: 3
      rvec: [ -4.5542604110549240e-01, 5.2361168412818349e-01,
          1.5625263763139716e+00 ]
      tvec: [ 5.0934037461233030e+00, 1.4296970705140819e+01,
          -2.1110734601349932e+01 ]
      matrix: !!opencv-matrix
         rows: 4
         cols: 4
         dt: d
         data: [ -5.7674795115901123e-02, -9.9799275007978305e-01,
             2.6155091216254034e-02, 5.0934037461233030e+00,
             8.1224041397541613e-01, -3.1675027453105312e-02,
             5.8246218979508857e-01, 1.4296970705140819e+01,
             -5.8046457937877960e-01, 5.4837609576245949e-02,
             8.1243689518791551e-01, -2.1110734601349932e+01, 0., 0., 0.,
             1. ]
   -
      frame: 4
      rvec: [ -1.9618670708436869e-01, 3.1717211512665361e-01,
          1.6027712178402114e+00 ]
      tvec: [ 4.8700322688447981e+00, 1.9842660739178857e+01,
          -1.9791110137052900e+01 ]
      matrix: !!opencv-matrix
         rows: 4
         cols: 4
         dt: d
         data: [ -5.9447487172162923e-02, -9.9595291566913291e-01,
             6.7407611136046694e-02, 4.8700322688447981e+00,
             9.4656185460992903e-01, -3.4798004572239645e-02,
             3.2063960185105295e-01, 1.9842660739178857e+01,
             -3.1699629598203022e-01, 8.2866692029689146e-02,
             9.4479969289036569e-01, -1.9791110137052900e+01, 0., 0., 0.,
             1. ]
   -
      frame: 5
      rvec: [ 4.9461137417685229e-02, 5.8440103713453324e-02,
          1.6247806591518510e+00 ]
      tvec: [ 5.0710331653892444e+00, 2.5177273446786575e+01,
          -1.7828860092477960e+01 ]
      matrix: !!opencv-matrix
         rows: 4
         cols: 4
         dt: d
         data: [ -5.4782025254233958e-02, -9.9618425340074923e-01,
             6.7940142665703696e-02, 5.0710331653892444e+00,
             9.9849108998091407e-01, -5.4395422861036553e-02,
             7.5286918183126370e-03, 2.5177273446786575e+01,
             -3.8043314485700017e-03, 6.8250064089059453e-02,
             9.9766099242882544e-01, -1.7828860092477960e+01, 0., 0., 0.,
             1. ]
   -
      frame: 6
      rvec: [ 2.9564030804607760e-01, -2.0657408446964343e-01,
          1.6211961091081901e+00 ]
      tvec: [ 5.0579586684483955e+00, 2.9425388011356038e+01,
          -1.5341933317014089e+01 ]
      matrix: !!opencv-matrix
         rows: 4
         cols: 4
         dt: d
         data: [ -5.5375339337473184e-02, -9.9631444904452615e-01,
             6.5506415093195172e-02, 5.0579586684483955e+00,
             9.4805184900803585e-01, -7.3049688465984849e-02,
             -3.0961497800892440e-01, 2.9425388011356038e+01,
             3.1325909944597602e-01, 4.4958443479783117e-02,
             9.4860290689738636e-01, -1.5341933317014089e+01, 0., 0., 0.,
             1. ]
   -
      frame: 7
      rvec: [ 5.4033337183271557e-01, -4.2475477230907510e-01,
          1.5990020980684287e+00 ]
      tvec: [ 5.3674961418018601e+00, 3.2582490955933437e+01,
          -9.2019792419779343e+00 ]
      matrix: !!opencv-matrix
         rows: 4
         cols: 4
         dt: d
         data: [ -5.6189947726082323e-02, -9.9409445090511483e-01,
             9.2838098075080644e-02, 5.3674961418018601e+00,
             8.1697686157648230e-01, -9.9230322770085838e-02,
             -5.6806879045726999e-01, 3.2582490955933437e+01,
             5.7392638676330376e-01, 4.3926822359496187e-02,
             8.1772791126035071e-01, -9.2019792419779343e+00, 0., 0., 0.,
             1. ]
   -
      frame: 8
      rvec: [ 7.7366327379336286e-01, -6.8530419840779466e-01,
          1.5327716884587748e+00 ]
      tvec: [ 5.4398866344133880e+00, 3.3869673073099257e+01,
          -4.7623054254908057e+00 ]
      matrix: !!opencv-matrix
         rows: 4
         cols: 4
         dt: d
         data: [ -5.1130072700424078e-02, -9.9500938459141075e-01,
             8.5685706163111941e-02, 5.4398866344133880e+00,
             5.9962274016777428e-01, -9.9197778913826834e-02,
             -7.9411105654829739e-01, 3.3869673073099257e+01,
             7.9864778540940007e-01, 1.0776141869211109e-02,
             6.0170224332893674e-01, -4.7623054254908057e+00, 0., 0., 0.,
             1. ]
   -
      frame: 9
      rvec: [ 9.8889789495735247e-01, -9.3992172247822203e-01,
          1.4398696267195812e+00 ]
      tvec: [ 5.7724733576316201e+00, 3.4021986306346463e+01,
          -1.0786222309119087e-01 ]
      matrix: !!opencv-matrix
         rows: 4
         cols: 4
         dt: d
         data: [ -5.2912290610056700e-02, -9.9592636161651726e-01,
             7.3013503817327186e-02, 5.7724733576316201e+00,
             3.3392117763535661e-01, -8.6552966414382371e-02,
             -9.3861878903604268e-01, 3.4021986306346463e+01,
             9.4111473085326502e-01, -2.5283714959568993e-02,
             3.3714061922116362e-01, -1.0786222309119087e-01, 0., 0., 0.,
             1. ]
   -
      frame: 10
      rvec: [ 1.2546066253622963e+00, -1.1357649961485656e+00,
          1.3126277677443972e+00 ]
      tvec: [ 5.6090284836493280e+00, 3.2003221673962926e+01,
          4.6086139169166804e+00 ]
      matrix: !!opencv-matrix
         rows: 4
         cols: 4
         dt: d
         data: [ -1.1817533589636664e-02, -9.9420532129593553e-01,
             1.0684626809909520e-01, 5.6090284836493280e+00,
             3.7152774928314147e-02, -1.0721651818924982e-01,
             -9.9354128728629121e-01, 3.2003221673962926e+01,
             9.9923971959434454e-01, -7.7715721845807995e-03,
             3.8204521339705755e-02, 4.6086139169166804e+00, 0., 0., 0.,
             1. ]
   -
      frame: 11
      rvec: [ -1.3739863498803011e+00, 1.4660696950584611e+00,
          9.9257136585141192e-01 ]
      tvec: [ 3.8831818229236550e+00, -1.0816847224533273e-01,
          -6.1620727336790724e+00 ]
      matrix: !!opencv-matrix
         rows: 4
         cols: 4
         dt: d
         data: [ -1.1817405011665949e-02, -9.9730340903625825e-01,
             7.2431065596523125e-02, 3.8831818229236550e+00,
             -3.0314410561598976e-01, 7.2600349682150012e-02,
             9.5017516303906357e-01, -1.0816847224533273e-01,
             -9.5287144997059914e-01, -1.0728445865412883e-02,
             -3.0318459769625672e-01, -6.1620727336790724e+00, 0., 0.,
             0., 1. ]
   -
      frame: 12
      rvec: [ -1.5825382828454291e+00, 1.6768739138226740e+00,
          7.8912891533304275e-01 ]
      tvec: [ 4.8683227432405971e+00, 6.5073760561084801e-04,
          -3.0153712789688165e+00 ]
      matrix: !!opencv-matrix
         rows: 4
         cols: 4
         dt: d
         data: [ -1.8921174486493886e-02, -9.9698890115262429e-01,
             7.5200532807518428e-02, 4.8683227432405971e+00,
             -5.7752023815401121e-01, 7.2295787060618677e-02,
             8.1316892076358893e-01, 6.5073760561084801e-04,
             -8.1615707047025321e-01, -2.8043718579544685e-02,
             -5.7714918883218169e-01, -3.0153712789688165e+00, 0., 0.,
             0., 1. ]
   -
      frame: 13
      rvec: [ -1.7907497404026453e+00, 1.8576404279551242e+00,
          5.4671519232162669e-01 ]
      tvec: [ 5.0200935967755420e+00, 1.0896901709419700e+00,
          2.1487556478539345e+00 ]
      matrix: !!opencv-matrix
         rows: 4
         cols: 4
         dt: d
         data: [ -1.1005480726366423e-02, -9.9703080391931731e-01,
             7.6213223458802215e-02, 5.0200935967755420e+00,
             -7.9679631291506559e-01, 5.4793774048743638e-02,
             6.0175848814158983e-01, 1.0896901709419700e+00,
             -6.0414775934281029e-01, -5.4103774004175931e-02,
             -7.9503350024987429e-01, 2.1487556478539345e+00, 0., 0., 0.,
             1. ]
   -
      frame: 14
      rvec: [ -1.9562541018235697e+00, 2.0234729554866138e+00,
          2.6468302000438765e-01 ]
      tvec: [ 4.9570388605625011e+00, 2.7596765722014300e+00,
          6.5214006067966785e+00 ]
      matrix: !!opencv-matrix
         rows: 4
         cols: 4
         dt: d
         data: [ -1.6651940409187493e-02, -9.9532441392098148e-01,
             9.5142124915639725e-02, 4.9570388605625011e+00,
             -9.3736515657183850e-01, 4.8654171350873687e-02,
             3.4493381228173636e-01, 2.7596765722014300e+00,
             -3.4795010579918090e-01, -8.3439095530896762e-02,
             -9.3379261145680770e-01, 6.5214006067966785e+00, 0., 0., 0.,
             1. ]
   -
      frame: 15
      rvec: [ -2.1371395789402956e+00, 2.1784600972810479e+00,
          -4.4203137337595351e-02 ]
      tvec: [ 5.1093143971261057e+00, 6.2825188023335263e+00,
          1.0712349501786614e+01 ]
      matrix: !!opencv-matrix
         rows: 4
         cols: 4
         dt: d
         data: [ -1.7311453516171804e-02, -9.9630946498630102e-01,
             8.4069992005878558e-02, 5.1093143971261057e+00,
             -9.9889971667823263e-01, 2.0899058302791040e-02,
             4.1983155934299549e-02, 6.2825188023335263e+00,
             -4.3585199291784414e-02, -8.3250701743394523e-02,
             -9.9557503537499759e-01, 1.0712349501786614e+01, 0., 0., 0.,
             1. ]
   -
      frame: 16
      rvec: [ 2.1224340821065244e+00, -2.1113176626660604e+00,
          3.8690263611506315e-01 ]
      tvec: [ 5.3479699347141256e+00, 1.1232165435138795e+01,
          1.3025286612794442e+01 ]
      matrix: !!opencv-matrix
         rows: 4
         cols: 4
         dt: d
         data: [ -7.4448389208072729e-03, -9.9556644425616647e-01,
             9.3765822369227869e-02, 5.3479699347141256e+00,
             -9.6412321352064900e-01, -1.7735892204013615e-02,
             -2.6486197778908488e-01, 1.1232165435138795e+01,
             2.6535071796409615e-01, -9.2373660741912625e-02,
             -9.5971667864900456e-01, 1.3025286612794442e+01, 0., 0., 0.,
             1. ]
   -
      frame: 17
      rvec: [ 1.9575610764774494e+00, -1.9117919447207108e+00,
          6.7589264410277805e-01 ]
      tvec: [ 5.7863832258001162e+00, 1.6324826676983953e+01,
          1.3623878567259370e+01 ]
      matrix: !!opencv-matrix
         rows: 4
         cols: 4
         dt: d
         data: [ -8.4285804602185488e-03, -9.9399294134646587e-01,
             1.0911916231728649e-01, 5.7863832258001162e+00,
             -8.4170530650310149e-01, -5.1862235490772068e-02,
             -5.3744068094480846e-01, 1.6324826676983953e+01,
             5.3987140694423263e-01, -9.6376039985571232e-02,
             -8.3621200833326603e-01, 1.3623878567259370e+01, 0., 0., 0.,
             1. ]
   -
      frame: 18
      rvec: [ 1.7474626368693771e+00, -1.6965636629976426e+00,
          9.2423194022196831e-01 ]
      tvec: [ 5.1732640520162159e+00, 2.1531449892561625e+01,
          1.3207809088353182e+01 ]
      matrix: !!opencv-matrix
         rows: 4
         cols: 4
         dt: d
         data: [ -2.2747681356450333e-02, -9.9371304536636318e-01,
             1.0962174264995905e-01, 5.1732640520162159e+00,
             -6.3098594160474630e-01, -7.0780750841264006e-02,
             -7.7255862354097038e-01, 2.1531449892561625e+01,
             7.7546069177623522e-01, -8.6743695903825468e-02,
             -6.2540886364910719e-01, 1.3207809088353182e+01, 0., 0., 0.,
             1. ]
   -
      frame: 19
      rvec: [ 1.5299780451757896e+00, -1.4730875030897870e+00,
          1.1257343120397165e+00 ]
      tvec: [ 5.3062095813236887e+00, 2.6683568108645098e+01,
          1.1031857258591705e+01 ]
      matrix: !!opencv-matrix
         rows: 4
         cols: 4
         dt: d
         data: [ -3.5048424584632754e-02, -9.9370462204599985e-01,
             1.0640832701697817e-01, 5.3062095813236887e+00,
             -3.6364414100243458e-01, -8.6494540922548047e-02,
             -9.2751368351372554e-01, 2.6683568108645098e+01,
             9.3087837371416948e-01, -7.1202658061440993e-02,
             -3.5832336629956002e-01, 1.1031857258591705e+01, 0., 0., 0.,
             1. ]
