%YAML:1.0
---
frames:
   -
      frame: 0
      rvec: [ 1.2481380439188507e+00, -1.0523823904345424e+00,
          1.3384590294375216e+00 ]
      tvec: [ 1.6432191048369084e+01, -1.7723479447166824e+01,
          1.7932022728887531e+00 ]
      matrix: !!opencv-matrix
         rows: 4
         cols: 4
         dt: d
         data: [ 1.4937062833788484e-02, -9.9001375042032402e-01,
             1.4017723828276801e-01, 1.6432191048369084e+01,
             9.7356454793109060e-02, -1.3808673576689345e-01,
             -9.8562354584058176e-01, -1.7723479447166824e+01,
             9.9513748038349803e-01, 2.8369479796581387e-02,
             9.4321618688689601e-02, 1.7932022728887531e+00, 0., 0., 0.,
             1. ]
   -
      frame: 1
      rvec: [ 1.0417892783648919e+00, -8.1192605551445995e-01,
          1.3801520780171377e+00 ]
      tvec: [ 1.7034360070583656e+01, -1.8983139775366798e+01,
          -5.2105460437761586e+00 ]
      matrix: !!opencv-matrix
         rows: 4
         cols: 4
         dt: d
         data: [ 6.3400496098558023e-02, -9.9019710590640009e-01,
             1.2445910392191462e-01, 1.7034360070583656e+01,
             3.7224493518816687e-01, -9.2246605675931431e-02,
             -9.2353899320387467e-01, -1.8983139775366798e+01,
             9.2596656814445188e-01, 1.0488210140847903e-01,
             3.6274737694837611e-01, -5.2105460437761586e+00, 0., 0., 0.,
             1. ]
   -
      frame: 2
      rvec: [ 8.4682613152378738e-01, -5.6736476826694260e-01,
          1.3730102401228428e+00 ]
      tvec: [ 1.6888658254113842e+01, -2.4500322741366773e+01,
          -1.1754714940548352e+01 ]
      matrix: !!opencv-matrix
         rows: 4
         cols: 4
         dt: d
         data: [ 1.4049346069085053e-01, -9.8225823568997961e-01,
             1.2421894349219470e-01, 1.6888658254113842e+01,
             6.0804281863286813e-01, -1.3415844174718694e-02,
             -7.9379087033933371e-01, -2.4500322741366773e+01,
             7.8137412179576682e-01, 1.8705286296736617e-01,
             5.9537022787808780e-01, -1.1754714940548352e+01, 0., 0., 0.,
             1. ]
   -
      frame: 3
      rvec: [ 5.9572920500319460e-01, -3.2917738866270718e-01,
          1.3537610447187067e+00 ]
      tvec: [ 1.6553180036586895e+01, -3.0580049590381090e+01,
          -1.4187349877076239e+01 ]
      matrix: !!opencv-matrix
         rows: 4
         cols: 4
         dt: d
         data: [ 2.0152913038741430e-01, -9.7272637543649443e-01,
             1.1484514850646696e-01, 1.6553180036586895e+01,
             8.1138845843099527e-01, 1.0011298858611906e-01,
             -5.7586991503405383e-01, -3.0580049590381090e+01,
             5.4866636413239811e-01, 2.0923859119802801e-01,
             8.0943463777083258e-01, -1.4187349877076239e+01, 0., 0., 0.,
             1. ]
   -
      frame: 4
      rvec: [ 3.5308281200758640e-01, -1.1212734784295147e-01,
          1.3178250075543483e+00 ]
      tvec: [ 1.5356003625460739e+01, -3.7634307809322685e+01,
          -1.4295471680525392e+01 ]
      matrix: !!opencv-matrix
         rows: 4
         cols: 4
         dt: d
         data: [ 2.5370980983412744e-01, -9.6002283917045927e-01,
             1.1826867998342418e-01, 1.5356003625460739e+01,
             9.2624144072245973e-01, 2.0588585671727211e-01,
             -3.1573376045677637e-01, -3.7634307809322685e+01,
             2.7876177263447194e-01, 1.8965010486389300e-01,
             9.4144819923498790e-01, -1.4295471680525392e+01, 0., 0., 0.,
             1. ]
   -
      frame: 5
      rvec: [ 9.8728733546120037e-02, 8.8679966298778251e-02,
          1.2648436245723187e+00 ]
      tvec: [ 1.4324756273870456e+01, -4.3337971927618298e+01,
          -1.1863104235248457e+01 ]
      matrix: !!opencv-matrix
         rows: 4
         cols: 4
         dt: d
         data: [ 2.9882530222007120e-01, -9.4659322311185679e-01,
             1.2109793025394622e-01, 1.4324756273870456e+01,
             9.5423021013874232e-01, 2.9800395743029201e-01,
             -2.5265538079692819e-02, -4.3337971927618298e+01,
             -1.2171475327781685e-02, 1.2310528548600677e-01,
             9.9231897284782078e-01, -1.1863104235248457e+01, 0., 0., 0.,
             1. ]
   -
      frame: 6
      rvec: [ -1.5524840478174945e-01, 2.8439896083061433e-01,
          1.2135981518496357e+00 ]
      tvec: [ 1.4093215729706584e+01, -4.7565985394279245e+01,
          -7.3926504123359473e+00 ]
      matrix: !!opencv-matrix
         rows: 4
         cols: 4
         dt: d
         data: [ 3.2006842057227353e-01, -9.3803464475826936e-01,
             1.3284280705253679e-01, 1.4093215729706584e+01,
             8.9939062571704353e-01, 3.4491679002942705e-01,
             2.6856826009061657e-01, -4.7565985394279245e+01,
             -2.9774604703450758e-01, 3.3517356533942333e-02,
             9.5405653830698178e-01, -7.3926504123359473e+00, 0., 0., 0.,
             1. ]
   -
      frame: 7
      rvec: [ -4.2035177546545621e-01, 4.6151393974660510e-01,
          1.1642339635748600e+00 ]
      tvec: [ 1.3599233739991190e+01, -5.0510284013281392e+01,
          -1.9553169799669736e+00 ]
      matrix: !!opencv-matrix
         rows: 4
         cols: 4
         dt: d
         data: [ 3.2339758335271640e-01, -9.3764737931973619e-01,
             1.2740249266185366e-01, 1.3599233739991190e+01,
             7.7027087540341665e-01, 3.3905670679055755e-01,
             5.4011418060035810e-01, -5.0510284013281392e+01,
             -5.4963331557218875e-01, -7.6537191189465087e-02,
             8.3189258728392934e-01, -1.9553169799669736e+00, 0., 0., 0.,
             1. ]
   -
      frame: 8
      rvec: [ -6.7727025185733436e-01, 6.5284537784518815e-01,
          1.1005941403696415e+00 ]
      tvec: [ 1.3107112515453613e+01, -5.0648714788183504e+01,
          4.0738780937759795e+00 ]
      matrix: !!opencv-matrix
         rows: 4
         cols: 4
         dt: d
         data: [ 3.1463853181450818e-01, -9.3948605534976759e-01,
             1.3553060946127338e-01, 1.3107112515453613e+01,
             5.6937091904730408e-01, 3.0104112015823503e-01,
             7.6497777779299148e-01, -5.0648714788183504e+01,
             -7.5948624137691867e-01, -1.6352429720750539e-01,
             6.2963517482900566e-01, 4.0738780937759795e+00, 0., 0., 0.,
             1. ]
   -
      frame: 9
      rvec: [ -9.3056055839299689e-01, 8.4783359555662696e-01,
          1.0213305375501953e+00 ]
      tvec: [ 1.3047491636687257e+01, -4.9294720801904539e+01,
          1.0374129135049204e+01 ]
      matrix: !!opencv-matrix
         rows: 4
         cols: 4
         dt: d
         data: [ 2.9582550842138766e-01, -9.4455236571827383e-01,
             1.4250648049558723e-01, 1.3047491636687257e+01,
             3.1392188723625980e-01, 2.3702720426263663e-01,
             9.1938629158448015e-01, -4.9294720801904539e+01,
             -9.0218640938624872e-01, -2.2724201384306125e-01,
             3.6663435445044901e-01, 1.0374129135049204e+01, 0., 0., 0.,
             1. ]
   -
      frame: 10
      rvec: [ -1.1885313567103521e+00, 1.0555045523446895e+00,
          9.2659730734124657e-01 ]
      tvec: [ 1.3316113552360717e+01, -4.5875760161485616e+01,
          1.4757400484911718e+01 ]
      matrix: !!opencv-matrix
         rows: 4
         cols: 4
         dt: d
         data: [ 2.6234555381341013e-01, -9.5458610299373470e-01,
             1.4120971059233278e-01, 1.3316113552360717e+01,
             1.6378949387992003e-02, 1.5071914576048917e-01,
             9.8844092849202392e-01, -4.5875760161485616e+01,
             -9.6483498092227193e-01, -2.5700021609419643e-01,
             5.5175615232234576e-02, 1.4757400484911718e+01, 0., 0., 0.,
             1. ]
   -
      frame: 11
      rvec: [ 1.5465592371762360e+00, -1.0496960952116423e+00,
