0.0483518 0.994246 -0.0955896 13.6568 -0.139042 0.10147 0.985074 -24.0485 0.989105 -0.0343392 0.143148 -1.13539 0 0 0 1 
0.040816 0.995589 -0.0844738 14.2689 0.157492 0.0770769 0.984508 -22.191 0.986676 -0.0534876 -0.153651 -3.59873 0 0 0 1 
0.0600658 0.995962 -0.0667155 14.5309 0.449495 0.0326887 0.892685 -21.6412 0.891261 -0.0836081 -0.445716 -11.2926 0 0 0 1 
0.106847 0.993508 0.0390533 12.6542 0.672384 -0.101135 0.73326 -23.3915 0.73245 -0.052088 -0.678825 -16.6199 0 0 0 1 
0.0552124 0.990963 0.122249 16.6769 0.86333 -0.108889 0.492752 -23.8692 0.50161 0.0783355 -0.86154 -17.541 0 0 0 1 
0.0876336 0.993476 -0.0729839 13.1215 0.992809 -0.0811063 0.0880507 -26.7326 0.0815568 -0.0801753 -0.993439 -19.5973 0 0 0 1 
0.100094 0.993429 -0.0554946 13.3528 0.927207 -0.113363 -0.356982 -31.1434 -0.360927 -0.0157233 -0.932461 -9.56469 0 0 0 1 
0.108547 0.992329 -0.0591616 13.1148 0.768749 -0.121525 -0.627899 -32.4469 -0.630272 0.0226763 -0.776043 -8.73128 0 0 0 1 
0.110287 0.991213 -0.0730247 13.1881 0.531612 -0.12091 -0.838314 -32.71 -0.839777 0.0536347 -0.540275 -7.30212 0 0 0 1 
0.102518 0.991326 -0.0822298 13.1838 0.225059 -0.103637 -0.968818 -33.1098 -0.968937 0.0808151 -0.233732 -6.87647 0 0 0 1 
0.0233735 0.995093 -0.0961437 13.2629 -0.433206 0.0967534 0.896087 -25.805 0.900992 0.0207053 0.433342 0.804248 0 0 0 1 
0.0337858 0.993181 -0.111579 13.1002 -0.644875 0.106956 0.756768 -29.4961 0.763541 0.0463861 0.644091 2.48844 0 0 0 1 
0.0230079 0.993659 -0.110059 12.6958 -0.836133 0.0794749 0.542739 -32.1009 0.548044 0.0795366 0.832659 2.15678 0 0 0 1 
0.0142886 0.993611 -0.111952 12.7242 -0.954987 0.0467395 0.292943 -34.2443 0.296304 0.102727 0.949553 0.211706 0 0 0 1 
-0.00162594 0.993699 -0.112072 12.5695 -0.999958 -0.000605656 0.00913733 -36.1866 0.00901188 0.112082 0.993658 -1.92001 0 0 0 1 
-0.0272966 0.992282 -0.120961 12.7044 -0.958158 -0.0604637 -0.279782 -36.4575 -0.284936 0.108262 0.952413 -4.62388 0 0 0 1 
-0.0484392 0.990343 -0.129901 12.7675 -0.822668 -0.113313 -0.557115 -36.2928 -0.566455 0.0798794 0.820213 -6.88654 0 0 0 1 
-0.0539585 0.988512 -0.141181 13.1491 -0.606347 -0.144772 -0.781911 -36.0875 -0.793367 0.043414 0.607193 -9.03599 0 0 0 1 
0.044573 0.994351 -0.0963308 13.7219 -0.131694 -0.0897367 -0.98722 -34.5126 -0.990288 0.0566895 0.12695 -10.4647 0 0 0 1 
